┌termimg video─────────────────────────────────────────────────────────────────────────────────────┐
│[38;2;0;0;0m[48;2;0;0;0m▀▀[38;2;0;0;3m[48;2;0;0;3m▀▀[38;2;0;0;0m[48;2;0;0;0m▀▀▀▀[38;2;0;1;0m▀[38;2;0;2;2m[48;2;0;1;1m▀[38;2;0;0;1m[48;2;0;0;1m▀[38;2;0;0;2m[48;2;0;0;2m▀[38;2;142;8;20m[48;2;142;8;20m▀[38;2;250;0;0m[48;2;250;0;0m▀[38;2;252;0;0m[48;2;252;0;0m▀[38;2;253;0;0m[48;2;253;0;0m▀[38;2;254;0;0m[48;2;254;0;0m▀▀[38;2;254;0;4m[48;2;254;0;4m▀[38;2;254;0;7m[48;2;254;0;8m▀[38;2;253;0;3m[48;2;251;4;9m▀[38;2;254;0;0m[48;2;246;11;12m▀[38;2;220;29;24m[48;2;215;45;36m▀[38;2;151;42;38m[48;2;180;91;83m▀[38;2;168;58;88m[48;2;231;134;165m▀[38;2;212;84;211m[48;2;193;57;192m▀[38;2;200;56;200m[48;2;200;47;200m▀[38;2;244;0;247m[48;2;250;0;252m▀[38;2;249;0;252m[48;2;253;1;254m▀[38;2;254;0;254m[48;2;254;0;254m▀[38;2;252;0;252m▀[38;2;252;0;251m[48;2;254;1;254m▀[38;2;253;0;253m▀[38;2;252;0;253m[48;2;252;0;253m▀▀[38;2;254;0;254m[48;2;254;0;254m▀▀[38;2;56;33;254m[48;2;56;33;254m▀[38;2;0;0;254m[48;2;0;0;254m▀▀▀▀▀▀[38;2;0;0;253m[48;2;0;0;253m▀[38;2;0;0;254m[48;2;0;0;254m▀▀▀▀[38;2;106;170;198m[48;2;106;170;198m▀[38;2;251;253;0m[48;2;251;253;0m▀[38;2;252;253;0m[48;2;252;253;0m▀[38;2;252;252;0m[48;2;252;252;0m▀▀▀[38;2;252;253;0m[48;2;252;253;0m▀▀[38;2;253;254;0m[48;2;253;254;0m▀[38;2;254;254;0m[48;2;254;254;0m▀[38;2;253;253;0m[48;2;253;253;0m▀[38;2;254;254;0m[48;2;254;254;0m▀[38;2;234;253;0m[48;2;234;253;0m▀[38;2;0;254;0m[48;2;0;254;0m▀▀[38;2;1;254;0m[48;2;1;254;0m▀[38;2;0;253;0m[48;2;0;253;0m▀▀▀[38;2;3;252;0m[48;2;3;252;0m▀[38;2;3;251;0m▀[38;2;2;253;0m[48;2;2;253;0m▀[48;2;2;254;0m▀[38;2;0;254;0m[48;2;0;254;0m▀▀[38;2;154;200;151m[48;2;93;120;71m▀[38;2;176;181;177m[48;2;88;76;70m▀[38;2;114;228;225m[48;2;99;180;175m▀[38;2;0;253;251m[48;2;86;242;239m▀[38;2;0;254;251m[48;2;56;251;248m▀[38;2;0;254;249m[48;2;0;254;251m▀[38;2;0;252;248m[48;2;0;254;253m▀[38;2;0;251;249m[48;2;0;253;252m▀[38;2;0;252;252m▀[38;2;0;254;254m[48;2;0;254;254m▀▀▀[38;2;152;254;252m[48;2;151;254;252m▀[38;2;254;252;248m[48;2;254;252;248m▀[38;2;254;253;250m[48;2;254;253;251m▀[38;2;253;254;254m[48;2;253;254;254m▀[38;2;254;254;254m[48;2;254;254;254m▀▀[48;2;254;254;253m▀[38;2;254;252;249m[48;2;254;253;249m▀[38;2;254;253;250m[48;2;254;253;250m▀[38;2;254;254;251m[48;2;254;254;251m▀[38;2;254;254;252m[48;2;254;254;252m▀[38;2;250;254;254m[48;2;251;254;254m▀[39m[49m│
│[38;2;0;0;3m[48;2;0;0;3m▀▀[48;2;0;0;2m▀[48;2;1;0;2m▀[38;2;0;0;0m[48;2;0;0;0m▀▀▀▀▀▀[38;2;4;0;0m[48;2;2;0;0m▀[38;2;6;0;2m[48;2;4;0;1m▀[38;2;150;1;16m[48;2;148;8;12m▀[38;2;253;0;0m[48;2;253;0;0m▀[48;2;252;0;0m▀▀[38;2;254;0;0m[48;2;253;0;0m▀[38;2;254;0;1m[48;2;254;0;0m▀[38;2;254;0;0m[48;2;242;15;15m▀[48;2;227;25;25m▀[38;2;215;30;34m[48;2;202;71;61m▀[38;2;161;47;55m[48;2;182;127;125m▀[38;2;167;127;122m[48;2;194;200;200m▀[38;2;7;249;250m[48;2;4;250;251m▀[38;2;158;209;253m[48;2;158;210;254m▀[38;2;254;0;253m[48;2;254;0;254m▀[38;2;254;0;254m▀[48;2;253;0;253m▀[38;2;254;0;253m[48;2;252;0;251m▀[38;2;254;0;254m[48;2;251;0;252m▀[48;2;252;0;253m▀[38;2;252;1;253m[48;2;250;0;251m▀[38;2;249;0;250m[48;2;249;0;250m▀[38;2;252;0;253m[48;2;252;0;253m▀▀[38;2;254;0;254m[48;2;254;0;254m▀▀[38;2;56;33;254m[48;2;56;33;254m▀[38;2;0;0;254m[48;2;0;0;254m▀▀▀▀▀▀[38;2;0;0;253m[48;2;0;0;253m▀[38;2;0;0;254m[48;2;0;0;254m▀▀▀▀[38;2;106;170;198m[48;2;106;170;198m▀[38;2;251;253;0m[48;2;251;253;0m▀[38;2;252;253;0m[48;2;252;253;0m▀[38;2;252;252;0m[48;2;252;252;0m▀▀▀[38;2;252;253;0m[48;2;252;253;0m▀▀[38;2;253;254;0m[48;2;253;254;0m▀[38;2;254;254;0m[48;2;254;254;0m▀[38;2;253;253;0m[48;2;253;253;0m▀[38;2;254;254;0m[48;2;254;254;0m▀[38;2;234;253;0m[48;2;234;253;0m▀[38;2;0;254;0m[48;2;0;254;0m▀▀[38;2;1;254;0m[48;2;1;254;0m▀[38;2;0;253;0m[48;2;0;253;0m▀[38;2;6;250;1m[48;2;4;251;1m▀[38;2;6;249;1m▀[38;2;0;254;0m[48;2;0;254;0m▀▀▀▀[38;2;0;254;7m[48;2;0;254;5m▀[38;2;0;253;9m[48;2;0;254;7m▀[38;2;235;118;1m[48;2;234;118;0m▀[38;2;254;0;0m[48;2;254;0;0m▀[38;2;187;34;38m[48;2;204;31;34m▀[38;2;208;93;97m[48;2;181;35;40m▀[38;2;169;206;205m[48;2;164;145;136m▀[38;2;1;250;254m[48;2;135;212;213m▀[38;2;0;252;254m[48;2;101;240;239m▀[38;2;0;254;254m[48;2;1;253;250m▀[38;2;0;254;253m[48;2;0;253;251m▀[48;2;0;254;253m▀[38;2;0;254;250m[48;2;0;254;251m▀[38;2;3;254;247m[48;2;2;254;248m▀[38;2;148;254;249m[48;2;149;254;250m▀[38;2;250;254;252m[48;2;251;254;253m▀[38;2;251;254;253m[48;2;252;254;253m▀[38;2;253;254;254m[48;2;253;254;252m▀[38;2;253;254;253m▀[38;2;250;254;249m[48;2;252;254;251m▀[38;2;251;254;249m▀[38;2;254;254;247m[48;2;254;254;249m▀[38;2;254;254;248m[48;2;254;254;250m▀[38;2;254;254;251m[48;2;254;254;251m▀[38;2;254;254;252m▀[38;2;254;251;254m[48;2;253;252;254m▀[39m[49m│
│[38;2;0;0;1m[48;2;0;0;0m▀▀[38;2;4;0;0m[48;2;4;0;0m▀[38;2;5;0;0m[48;2;5;0;0m▀[38;2;0;0;1m[48;2;0;0;2m▀[48;2;0;0;3m▀[38;2;0;0;3m[48;2;0;0;2m▀▀[38;2;2;0;0m[48;2;0;0;1m▀[38;2;4;0;0m[48;2;1;0;2m▀[38;2;0;0;0m[48;2;1;0;0m▀[38;2;0;1;0m▀[38;2;143;22;0m[48;2;145;15;7m▀[38;2;252;0;0m[48;2;250;0;0m▀[38;2;250;0;0m[48;2;251;0;0m▀[38;2;248;0;0m▀[38;2;252;0;1m[48;2;235;14;14m▀[38;2;254;0;4m[48;2;220;22;22m▀[38;2;208;33;35m[48;2;194;94;80m▀[38;2;166;56;59m[48;2;173;160;156m▀[38;2;172;149;144m[48;2;166;217;216m▀[38;2;4;251;254m[48;2;2;251;254m▀[38;2;3;252;254m[48;2;2;252;253m▀[38;2;0;254;254m[48;2;0;253;251m▀[38;2;158;212;254m[48;2;159;212;254m▀[38;2;254;0;254m[48;2;254;0;250m▀[48;2;254;0;252m▀[38;2;251;0;254m[48;2;253;0;253m▀[38;2;249;0;254m[48;2;250;0;252m▀[38;2;250;0;254m[48;2;251;0;253m▀[38;2;253;0;254m[48;2;253;0;253m▀[38;2;254;0;254m[48;2;254;0;254m▀▀[38;2;253;0;253m[48;2;252;0;253m▀[38;2;252;0;253m▀[38;2;254;0;254m[48;2;254;0;254m▀▀[38;2;56;33;254m[48;2;56;33;254m▀[38;2;0;0;254m[48;2;0;0;254m▀▀▀▀▀▀[38;2;0;0;253m[48;2;0;0;253m▀[38;2;0;0;254m[48;2;0;0;254m▀▀▀▀[38;2;106;170;198m[48;2;106;170;198m▀[38;2;251;253;0m[48;2;251;253;0m▀[38;2;252;253;0m[48;2;252;253;0m▀[38;2;252;252;0m[48;2;252;252;0m▀▀▀[38;2;252;253;0m[48;2;252;253;0m▀▀[38;2;253;254;0m[48;2;253;254;0m▀[38;2;254;254;0m[48;2;254;254;0m▀[38;2;253;253;0m[48;2;253;253;0m▀[38;2;254;254;0m[48;2;254;254;0m▀[38;2;234;253;0m[48;2;234;253;0m▀[38;2;0;254;0m[48;2;0;254;0m▀▀[38;2;1;254;0m[48;2;1;254;0m▀[38;2;0;253;0m[48;2;0;253;0m▀[38;2;0;253;1m▀▀[38;2;0;253;0m[48;2;0;254;0m▀▀[38;2;3;253;0m[48;2;1;253;0m▀[38;2;3;252;0m▀[38;2;0;254;0m[48;2;0;254;0m▀▀[38;2;233;118;0m[48;2;233;118;0m▀[38;2;253;0;0m[48;2;251;0;0m▀[38;2;254;0;0m[48;2;253;0;0m▀[48;2;254;0;0m▀[38;2;188;34;33m[48;2;216;27;25m▀[38;2;188;79;78m[48;2;195;36;35m▀[38;2;171;192;180m[48;2;177;120;102m▀[38;2;5;252;242m[48;2;162;188;175m▀[38;2;2;253;248m[48;2;135;232;226m▀[38;2;0;254;254m[48;2;0;254;254m▀▀[38;2;0;254;253m[48;2;0;253;254m▀[38;2;151;254;254m[48;2;150;254;254m▀[38;2;254;254;254m[48;2;253;254;253m▀[38;2;254;254;252m[48;2;254;254;252m▀[38;2;254;254;246m[48;2;254;254;250m▀[38;2;254;254;248m[48;2;254;254;251m▀[38;2;254;252;254m[48;2;253;253;254m▀▀[48;2;253;253;253m▀▀[38;2;254;252;249m[48;2;253;253;252m▀[38;2;254;253;250m▀[38;2;250;254;254m[48;2;250;254;254m▀[39m[49m│
│[38;2;2;0;0m[48;2;0;0;0m▀▀[38;2;5;0;0m[48;2;1;0;0m▀▀[38;2;0;0;4m[48;2;0;0;0m▀[38;2;0;0;5m[48;2;0;0;1m▀[38;2;0;0;2m[48;2;0;0;0m▀[38;2;0;0;1m▀[38;2;0;0;4m▀[38;2;0;0;6m▀[38;2;2;0;3m[48;2;0;0;2m▀[38;2;6;0;2m[48;2;0;0;3m▀[38;2;147;1;15m[48;2;143;12;21m▀[38;2;248;0;0m[48;2;250;0;0m▀[38;2;252;0;0m[48;2;249;0;1m▀[38;2;254;0;0m[48;2;249;0;2m▀[38;2;213;24;22m[48;2;181;81;66m▀[38;2;195;61;57m[48;2;142;141;136m▀[38;2;186;168;160m[48;2;140;219;217m▀[38;2;4;250;254m[48;2;2;252;254m▀[38;2;3;252;254m[48;2;1;252;254m▀[38;2;0;253;254m[48;2;0;253;253m▀[38;2;0;252;254m[48;2;0;252;252m▀[38;2;0;254;252m[48;2;1;254;254m▀[38;2;160;212;251m[48;2;159;212;253m▀[38;2;254;0;245m[48;2;254;0;248m▀[38;2;254;0;249m[48;2;254;0;250m▀[38;2;252;0;249m[48;2;253;0;252m▀[38;2;250;0;247m[48;2;252;0;251m▀[38;2;249;0;250m[48;2;252;0;247m▀[38;2;250;0;251m▀[38;2;254;0;254m[48;2;251;0;250m▀[48;2;251;0;251m▀[38;2;252;0;253m[48;2;252;0;253m▀▀[38;2;254;0;254m[48;2;254;0;254m▀▀[38;2;56;33;254m[48;2;56;33;254m▀[38;2;0;0;254m[48;2;0;0;254m▀▀▀▀▀▀[38;2;0;0;253m[48;2;0;0;253m▀[38;2;0;0;254m[48;2;0;0;254m▀▀▀▀[38;2;106;170;198m[48;2;106;170;198m▀[38;2;251;253;0m[48;2;251;253;0m▀[38;2;252;253;0m[48;2;252;253;0m▀[38;2;252;252;0m[48;2;252;252;0m▀▀▀[38;2;252;253;0m[48;2;252;253;0m▀▀[38;2;253;254;0m[48;2;253;254;0m▀[38;2;254;254;0m[48;2;254;254;0m▀[38;2;253;253;0m[48;2;253;253;0m▀[38;2;254;254;0m[48;2;254;254;0m▀[38;2;234;253;0m[48;2;234;253;0m▀[38;2;0;254;0m[48;2;0;254;0m▀▀[38;2;1;254;0m[48;2;1;254;0m▀[38;2;0;253;0m[48;2;0;253;0m▀[38;2;2;252;0m▀[38;2;2;251;0m▀[38;2;0;254;0m[48;2;0;254;0m▀▀[48;2;0;253;0m▀[48;2;1;253;0m▀▀▀[38;2;230;117;1m[48;2;231;117;0m▀[38;2;248;0;1m[48;2;250;0;0m▀[38;2;252;0;0m[48;2;252;0;0m▀[38;2;254;0;0m[48;2;253;0;0m▀▀▀[38;2;197;37;31m[48;2;231;24;20m▀[38;2;178;71;65m[48;2;213;33;28m▀[38;2;172;178;169m[48;2;187;149;130m▀[38;2;0;254;254m[48;2;81;229;224m▀[38;2;0;253;254m[48;2;62;239;237m▀[38;2;0;252;254m[48;2;0;253;254m▀[38;2;149;254;254m[48;2;150;254;253m▀[38;2;251;254;252m[48;2;253;253;251m▀[38;2;252;254;253m[48;2;254;254;253m▀[38;2;254;253;254m[48;2;254;254;254m▀[38;2;254;254;254m[48;2;253;254;254m▀[38;2;250;254;254m[48;2;249;254;254m▀▀[38;2;250;254;251m[48;2;252;254;253m▀[38;2;250;254;252m▀[38;2;250;254;254m[48;2;252;254;254m▀▀[38;2;249;254;254m[48;2;253;254;254m▀[39m[49m│
│[38;2;0;0;0m[48;2;0;0;0m▀▀[48;2;0;0;3m▀▀[48;2;1;0;0m▀[38;2;0;1;0m[48;2;2;0;0m▀[38;2;0;0;0m[48;2;0;0;0m▀▀[38;2;1;0;0m▀[38;2;2;0;0m[48;2;1;0;0m▀[38;2;0;0;2m[48;2;0;0;0m▀[38;2;0;0;6m[48;2;0;0;4m▀[38;2;143;22;27m[48;2;144;22;25m▀[38;2;252;0;1m[48;2;254;0;0m▀[38;2;248;0;3m[48;2;172;93;68m▀[38;2;247;0;6m[48;2;133;148;129m▀[38;2;187;135;119m[48;2;126;216;206m▀[38;2;60;204;208m[48;2;34;247;248m▀[38;2;55;237;239m[48;2;26;250;251m▀[38;2;0;253;254m[48;2;6;252;254m▀[38;2;0;254;254m[48;2;4;253;254m▀[38;2;1;253;253m[48;2;0;253;254m▀[38;2;0;251;252m[48;2;0;253;252m▀[38;2;1;252;254m[48;2;0;252;250m▀[38;2;158;210;254m[48;2;159;212;253m▀[38;2;253;0;250m[48;2;254;0;249m▀[38;2;254;0;251m[48;2;254;0;250m▀[38;2;254;0;254m[48;2;254;0;254m▀[38;2;254;0;253m▀[38;2;253;0;244m[48;2;254;0;249m▀[38;2;253;0;245m▀[38;2;249;0;248m[48;2;251;0;248m▀[38;2;250;0;249m[48;2;251;0;249m▀[38;2;252;0;253m[48;2;252;0;253m▀▀[38;2;254;0;254m[48;2;254;0;254m▀▀[38;2;56;33;254m[48;2;56;33;254m▀[38;2;0;0;254m[48;2;0;0;254m▀▀▀▀▀▀[38;2;0;0;253m[48;2;0;0;253m▀[38;2;0;0;254m[48;2;0;0;254m▀▀▀▀[38;2;106;170;198m[48;2;106;170;198m▀[38;2;251;253;0m[48;2;251;253;0m▀[38;2;252;253;0m[48;2;252;253;0m▀[38;2;252;252;0m[48;2;252;252;0m▀▀▀[38;2;252;253;0m[48;2;252;253;0m▀▀[38;2;253;254;0m[48;2;253;254;0m▀[38;2;254;254;0m[48;2;254;254;0m▀[38;2;253;253;0m[48;2;253;253;0m▀[38;2;254;254;0m[48;2;254;254;0m▀[38;2;234;253;0m[48;2;234;253;0m▀[38;2;0;254;0m[48;2;0;254;0m▀▀[38;2;1;254;0m[48;2;1;254;0m▀[38;2;0;253;0m[48;2;0;253;0m▀[38;2;0;254;0m[48;2;0;254;0m▀▀[38;2;0;254;1m▀▀[38;2;2;252;1m[48;2;2;253;0m▀[38;2;2;251;1m[48;2;2;252;0m▀[38;2;2;252;0m▀▀[38;2;232;117;0m[48;2;233;118;1m▀[38;2;251;0;0m[48;2;252;0;0m▀[38;2;252;0;0m[48;2;251;0;0m▀[48;2;250;0;0m▀[48;2;249;0;0m▀[38;2;252;0;1m▀[38;2;254;0;0m[48;2;252;0;1m▀[48;2;254;0;2m▀[38;2;177;111;88m[48;2;235;51;35m▀[38;2;67;174;166m[48;2;223;83;62m▀[38;2;78;230;225m[48;2;197;161;141m▀[38;2;0;254;254m[48;2;71;228;226m▀[38;2;152;254;252m[48;2;156;238;236m▀[38;2;254;249;248m[48;2;253;252;253m▀[38;2;254;250;250m▀[38;2;253;253;254m[48;2;254;254;254m▀[38;2;253;254;254m[48;2;254;253;252m▀[38;2;247;254;254m[48;2;253;254;251m▀[38;2;248;254;254m▀[38;2;252;254;254m[48;2;252;254;254m▀[48;2;253;254;254m▀[48;2;254;254;251m▀[38;2;253;254;254m▀[38;2;254;253;254m[48;2;253;254;252m▀[39m[49m│
│[38;2;0;0;1m[48;2;4;0;0m▀▀[38;2;0;0;5m[48;2;2;0;6m▀[48;2;2;0;7m▀[38;2;1;0;0m[48;2;3;0;0m▀[38;2;2;0;0m▀[38;2;0;0;0m[48;2;0;0;0m▀▀▀▀▀▀[38;2;141;15;20m[48;2;97;10;11m▀[38;2;254;0;0m[48;2;182;27;28m▀[38;2;192;150;125m[48;2;163;169;156m▀[38;2;98;208;196m[48;2;22;251;252m▀[38;2;77;234;229m[48;2;14;253;253m▀[38;2;0;254;254m[48;2;3;254;254m▀[38;2;3;253;254m[48;2;1;254;252m▀[38;2;6;250;254m[48;2;0;254;251m▀[38;2;3;251;254m[48;2;0;254;253m▀[38;2;0;254;254m[48;2;0;252;254m▀[38;2;0;253;252m▀[38;2;0;252;249m[48;2;0;254;254m▀[38;2;159;212;254m[48;2;159;212;254m▀[38;2;254;0;248m[48;2;254;0;252m▀[38;2;254;0;250m▀[38;2;254;0;254m[48;2;254;0;253m▀▀[38;2;254;0;250m[48;2;254;0;252m▀[48;2;253;0;252m▀[38;2;251;0;248m[48;2;251;0;248m▀[38;2;251;0;249m[48;2;251;0;249m▀[38;2;252;0;253m[48;2;252;0;253m▀▀[38;2;254;0;254m[48;2;254;0;254m▀▀[38;2;56;33;254m[48;2;56;33;254m▀[38;2;0;0;254m[48;2;0;0;254m▀▀▀▀▀▀[38;2;0;0;253m[48;2;0;0;253m▀[38;2;0;0;254m[48;2;0;0;254m▀▀▀▀[38;2;106;170;198m[48;2;106;170;198m▀[38;2;251;253;0m[48;2;251;253;0m▀[38;2;252;253;0m[48;2;252;253;0m▀[38;2;252;252;0m[48;2;252;252;0m▀▀▀[38;2;252;253;0m[48;2;252;253;0m▀▀[38;2;253;254;0m[48;2;253;254;0m▀[38;2;254;254;0m[48;2;254;254;0m▀[38;2;253;253;0m[48;2;253;253;0m▀[38;2;254;254;0m[48;2;254;254;0m▀[38;2;234;253;0m[48;2;234;253;0m▀[38;2;0;254;0m[48;2;0;254;0m▀▀[38;2;1;254;0m[48;2;1;254;0m▀[38;2;0;253;0m[48;2;0;253;0m▀[38;2;0;254;0m[48;2;2;254;0m▀▀[48;2;0;254;0m▀▀[38;2;2;253;0m[48;2;3;253;0m▀[38;2;2;252;0m[48;2;3;252;0m▀[48;2;0;253;0m▀▀[38;2;233;118;1m[48;2;233;118;0m▀[38;2;252;0;1m[48;2;252;0;0m▀[38;2;250;0;0m[48;2;249;0;0m▀[38;2;249;0;0m[48;2;248;0;0m▀[38;2;248;0;0m[48;2;250;0;4m▀[38;2;247;0;0m[48;2;251;0;7m▀[38;2;251;0;1m[48;2;252;0;3m▀[38;2;254;0;3m[48;2;253;0;0m▀[38;2;254;0;8m[48;2;254;0;0m▀[38;2;252;0;10m▀[38;2;179;99;80m[48;2;216;32;29m▀[38;2;42;164;162m[48;2;199;84;82m▀[38;2;157;233;231m[48;2;254;183;182m▀[38;2;254;254;254m[48;2;254;253;253m▀[38;2;253;253;253m[48;2;254;254;254m▀[38;2;254;251;250m[48;2;253;254;254m▀[38;2;254;251;249m[48;2;249;254;253m▀[38;2;254;253;249m[48;2;251;254;249m▀[38;2;254;253;250m[48;2;251;254;250m▀[38;2;252;253;254m[48;2;254;253;250m▀[38;2;253;253;254m[48;2;254;254;250m▀[38;2;254;253;249m[48;2;251;254;249m▀[38;2;254;254;250m[48;2;251;254;250m▀[38;2;252;254;251m[48;2;251;254;254m▀[39m[49m│
│[38;2;5;0;0m[48;2;0;0;0m▀▀[38;2;2;0;6m[48;2;0;0;3m▀[38;2;2;0;7m▀[38;2;3;0;0m[48;2;0;0;7m▀▀[38;2;0;0;0m[48;2;0;0;0m▀▀[38;2;0;0;1m▀▀[38;2;0;0;2m[48;2;0;0;3m▀[38;2;1;0;2m[48;2;0;0;6m▀[38;2;100;18;24m[48;2;0;72;82m▀[38;2;221;96;93m[48;2;54;180;184m▀[38;2;183;207;202m[48;2;54;237;240m▀[38;2;0;254;254m[48;2;0;252;254m▀[38;2;0;252;250m[48;2;3;253;254m▀[38;2;0;251;247m[48;2;5;253;254m▀[38;2;0;253;249m[48;2;2;251;254m▀[38;2;0;254;251m[48;2;0;251;253m▀[38;2;0;253;252m[48;2;0;251;252m▀[38;2;0;252;254m[48;2;1;254;251m▀[38;2;0;254;254m[48;2;2;254;253m▀[48;2;3;253;254m▀[38;2;159;212;254m[48;2;158;212;254m▀[38;2;253;0;253m[48;2;253;0;254m▀[38;2;254;0;253m▀[38;2;254;0;252m[48;2;253;0;250m▀[48;2;253;0;251m▀[38;2;253;0;253m[48;2;251;0;254m▀[38;2;253;0;252m[48;2;252;0;254m▀[38;2;252;0;249m[48;2;253;0;254m▀▀[38;2;252;0;253m[48;2;252;0;253m▀▀[38;2;254;0;254m[48;2;254;0;254m▀▀[38;2;56;33;254m[48;2;56;33;254m▀[38;2;0;0;254m[48;2;0;0;254m▀▀▀▀▀▀[38;2;0;0;253m[48;2;0;0;253m▀[38;2;0;0;254m[48;2;0;0;254m▀▀▀▀[38;2;106;170;198m[48;2;106;170;198m▀[38;2;251;253;0m[48;2;251;253;0m▀[38;2;252;253;0m[48;2;252;253;0m▀[38;2;252;252;0m[48;2;252;252;0m▀▀▀[38;2;252;253;0m[48;2;252;253;0m▀▀[38;2;253;254;0m[48;2;253;254;0m▀[38;2;254;254;0m[48;2;254;254;0m▀[38;2;253;253;0m[48;2;253;253;0m▀[38;2;254;254;0m[48;2;254;254;0m▀[38;2;234;253;0m[48;2;234;253;0m▀[38;2;0;254;0m[48;2;0;254;0m▀▀[38;2;1;254;0m[48;2;1;254;0m▀[38;2;0;253;0m[48;2;0;253;0m▀[38;2;2;254;0m[48;2;0;254;0m▀▀[38;2;0;253;0m[48;2;2;252;0m▀[48;2;2;251;0m▀[38;2;3;253;0m[48;2;0;254;3m▀▀[38;2;0;253;0m[48;2;6;251;0m▀[48;2;8;250;0m▀[38;2;233;118;0m[48;2;229;116;0m▀[38;2;252;0;0m[48;2;247;1;0m▀[38;2;249;0;0m[48;2;251;0;0m▀[38;2;248;0;0m[48;2;252;0;0m▀[38;2;250;0;4m[48;2;254;0;0m▀[38;2;252;0;7m▀[38;2;252;0;3m[48;2;253;0;0m▀[38;2;252;0;0m[48;2;252;0;0m▀[38;2;253;0;0m[48;2;253;0;0m▀[38;2;254;1;0m[48;2;254;0;1m▀[38;2;219;24;24m[48;2;254;0;0m▀[38;2;172;32;35m▀[38;2;209;121;113m[48;2;251;119;101m▀[38;2;254;252;253m[48;2;230;227;225m▀[38;2;252;254;254m[48;2;251;251;251m▀[38;2;247;253;254m[48;2;247;251;254m▀[38;2;248;254;253m[48;2;249;252;254m▀[38;2;251;254;250m[48;2;252;254;251m▀▀[38;2;254;254;250m[48;2;250;254;251m▀[48;2;251;254;251m▀[38;2;251;254;250m[48;2;254;254;251m▀[48;2;254;254;252m▀[38;2;251;254;254m[48;2;254;253;254m▀[39m[49m│
│[38;2;0;0;0m[48;2;0;0;0m▀▀[38;2;0;0;1m▀▀[38;2;0;0;4m▀[38;2;0;0;5m[48;2;0;0;1m▀[38;2;0;0;0m[48;2;0;0;0m▀▀[48;2;0;0;1m▀[48;2;0;0;2m▀[38;2;0;0;2m▀[38;2;0;0;5m[48;2;37;34;41m▀[38;2;35;128;136m[48;2;71;178;180m▀[38;2;74;226;229m[48;2;0;254;254m▀[38;2;50;242;244m[48;2;0;253;254m▀[38;2;0;253;254m[48;2;0;252;254m▀[38;2;2;253;254m[48;2;0;253;254m▀[38;2;4;253;254m[48;2;0;254;254m▀[38;2;1;253;254m▀[38;2;0;254;254m[48;2;0;253;254m▀[48;2;0;254;254m▀[38;2;0;254;252m▀▀[38;2;2;253;254m▀[38;2;158;211;254m[48;2;159;212;254m▀[38;2;253;0;254m[48;2;253;0;252m▀[38;2;253;0;253m▀[38;2;253;0;251m▀▀[38;2;252;0;254m[48;2;253;0;250m▀[48;2;253;0;251m▀[38;2;253;0;254m[48;2;253;0;252m▀[48;2;253;0;253m▀[38;2;252;0;253m[48;2;252;0;253m▀▀[38;2;254;0;254m[48;2;254;0;254m▀▀[38;2;56;33;254m[48;2;56;33;254m▀[38;2;0;0;254m[48;2;0;0;254m▀▀▀▀▀▀[38;2;0;0;253m[48;2;0;0;253m▀[38;2;0;0;254m[48;2;0;0;254m▀▀▀▀[38;2;106;170;198m[48;2;106;170;198m▀[38;2;251;253;0m[48;2;251;253;0m▀[38;2;252;253;0m[48;2;252;253;0m▀[38;2;252;252;0m[48;2;252;252;0m▀▀▀[38;2;252;253;0m[48;2;252;253;0m▀▀[38;2;253;254;0m[48;2;253;254;0m▀[38;2;254;254;0m[48;2;254;254;0m▀[38;2;253;253;0m[48;2;253;253;0m▀[38;2;254;254;0m[48;2;254;254;0m▀[38;2;234;253;0m[48;2;234;253;0m▀[38;2;0;254;0m[48;2;0;254;0m▀▀[38;2;1;254;0m[48;2;1;254;0m▀[38;2;0;253;0m[48;2;0;253;0m▀[38;2;0;254;0m[48;2;0;253;1m▀[48;2;0;252;1m▀[38;2;2;252;0m[48;2;3;251;0m▀[38;2;2;251;0m[48;2;3;250;0m▀[38;2;0;254;2m[48;2;0;254;0m▀▀[38;2;5;251;1m[48;2;0;252;4m▀[38;2;7;251;0m[48;2;0;251;5m▀[38;2;230;116;0m[48;2;234;118;0m▀[38;2;249;0;0m[48;2;254;0;0m▀[38;2;252;0;0m▀[38;2;253;0;0m▀[48;2;251;0;0m▀[48;2;249;0;0m▀[48;2;252;0;0m▀[48;2;254;0;0m▀[48;2;253;0;0m▀[38;2;254;0;0m[48;2;251;0;0m▀[38;2;254;0;1m▀[38;2;254;0;0m[48;2;252;0;0m▀[38;2;147;4;2m[48;2;146;18;11m▀[38;2;70;62;60m[48;2;42;42;42m▀[38;2;252;252;252m[48;2;186;186;186m▀[38;2;248;252;254m[48;2;254;254;254m▀[38;2;250;253;253m[48;2;253;253;253m▀[38;2;253;254;252m[48;2;254;253;254m▀[48;2;254;254;254m▀[38;2;251;254;252m▀[38;2;252;254;252m▀[38;2;254;254;252m[48;2;254;253;254m▀▀[38;2;254;253;254m[48;2;254;252;254m▀[39m[49m│
│[38;2;0;0;0m[48;2;0;0;0m▀▀▀▀▀[38;2;0;0;1m[48;2;0;0;1m▀[38;2;0;0;0m[48;2;0;0;0m▀▀[38;2;0;0;1m▀[38;2;0;0;3m[48;2;1;0;3m▀[38;2;0;0;2m[48;2;0;0;0m▀[38;2;151;150;157m[48;2;146;148;151m▀[38;2;151;254;254m[48;2;150;254;253m▀[38;2;0;253;253m[48;2;0;253;253m▀[38;2;0;253;254m[48;2;0;253;254m▀[38;2;2;254;254m[48;2;1;254;254m▀[38;2;0;254;254m[48;2;0;254;254m▀▀▀[38;2;0;253;254m[48;2;0;253;254m▀[38;2;0;254;254m[48;2;0;254;254m▀▀▀▀[38;2;159;212;254m[48;2;159;212;254m▀[38;2;253;0;252m[48;2;253;0;252m▀▀▀▀[38;2;253;0;250m[48;2;253;0;250m▀[38;2;253;0;251m[48;2;253;0;251m▀[38;2;253;0;252m[48;2;253;0;252m▀[38;2;253;0;253m[48;2;253;0;253m▀[38;2;252;0;253m[48;2;252;0;253m▀▀[38;2;254;0;254m[48;2;254;0;254m▀▀[38;2;56;33;254m[48;2;56;33;254m▀[38;2;0;0;254m[48;2;0;0;254m▀▀▀▀▀▀[38;2;0;0;253m[48;2;0;0;253m▀[38;2;0;0;254m[48;2;0;0;254m▀▀▀▀[38;2;106;170;198m[48;2;106;170;198m▀[38;2;251;253;0m[48;2;251;253;0m▀[38;2;252;253;0m[48;2;252;253;0m▀[38;2;252;252;0m[48;2;252;252;0m▀▀▀[38;2;252;253;0m[48;2;252;253;0m▀▀[38;2;253;254;0m[48;2;253;254;0m▀[38;2;254;254;0m[48;2;254;254;0m▀[38;2;253;253;0m[48;2;253;253;0m▀[38;2;254;254;0m[48;2;254;254;0m▀[38;2;234;253;0m[48;2;234;253;0m▀[38;2;0;254;0m[48;2;0;254;0m▀▀[38;2;1;254;0m[48;2;1;254;0m▀[38;2;0;253;0m[48;2;0;253;0m▀▀▀[38;2;3;251;0m[48;2;2;252;0m▀[48;2;2;251;0m▀[38;2;0;254;0m[48;2;0;254;0m▀▀[38;2;0;252;3m[48;2;1;252;0m▀[38;2;1;251;4m[48;2;2;251;1m▀[38;2;234;118;0m[48;2;232;117;0m▀[38;2;253;0;0m[48;2;251;0;0m▀[38;2;254;0;0m[48;2;254;0;0m▀▀[38;2;252;0;0m[48;2;253;0;0m▀[38;2;250;0;0m[48;2;251;0;0m▀[38;2;253;0;0m[48;2;253;0;0m▀[38;2;254;0;0m[48;2;254;0;0m▀[38;2;253;0;0m▀[38;2;252;0;0m[48;2;253;0;0m▀[38;2;251;0;0m[48;2;251;0;0m▀[38;2;252;0;0m▀[38;2;141;9;5m[48;2;136;0;0m▀[38;2;0;0;0m[48;2;0;0;0m▀[38;2;47;47;47m[48;2;55;55;55m▀[38;2;254;254;254m[48;2;254;254;254m▀▀[38;2;254;253;254m[48;2;254;253;254m▀[38;2;254;254;254m[48;2;254;254;254m▀▀▀[38;2;254;253;254m[48;2;254;253;254m▀▀[38;2;254;252;254m[48;2;254;252;254m▀[39m[49m│
│[38;2;0;0;0m[48;2;0;0;0m▀▀▀▀▀[38;2;0;0;1m[48;2;0;0;1m▀[38;2;0;0;0m[48;2;0;0;0m▀▀▀[38;2;0;0;2m[48;2;0;0;3m▀[38;2;73;72;75m[48;2;163;161;166m▀[38;2;203;202;204m[48;2;252;252;254m▀[38;2;150;254;254m[48;2;149;253;253m▀[38;2;0;254;254m[48;2;0;254;254m▀[38;2;0;253;254m[48;2;0;252;254m▀[38;2;0;252;254m[48;2;0;250;253m▀[38;2;0;253;254m[48;2;0;252;254m▀[38;2;0;254;254m[48;2;0;254;254m▀▀[38;2;0;253;254m[48;2;0;253;254m▀[38;2;0;254;254m[48;2;0;254;254m▀▀▀▀[38;2;159;212;254m[48;2;159;212;254m▀[38;2;253;0;252m[48;2;253;0;252m▀▀▀▀[38;2;253;0;250m[48;2;253;0;250m▀[38;2;253;0;251m[48;2;253;0;251m▀[38;2;253;0;252m[48;2;253;0;252m▀[38;2;253;0;253m[48;2;253;0;253m▀[38;2;252;0;253m[48;2;252;0;253m▀▀[38;2;254;0;254m[48;2;254;0;254m▀▀[38;2;56;33;254m[48;2;56;33;254m▀[38;2;0;0;254m[48;2;0;0;254m▀▀▀▀▀▀[38;2;0;0;253m[48;2;0;0;253m▀[38;2;0;0;254m[48;2;0;0;254m▀▀▀▀[38;2;106;170;198m[48;2;106;170;198m▀[38;2;251;253;0m[48;2;251;253;0m▀[38;2;252;253;0m[48;2;252;253;0m▀[38;2;252;252;0m[48;2;252;252;0m▀▀▀[38;2;252;253;0m[48;2;252;253;0m▀▀[38;2;253;254;0m[48;2;253;254;0m▀[38;2;254;254;0m[48;2;254;254;0m▀[38;2;253;253;0m[48;2;253;253;0m▀[38;2;254;254;0m[48;2;254;254;0m▀[38;2;234;253;0m[48;2;234;253;0m▀[38;2;0;254;0m[48;2;0;254;0m▀▀[38;2;1;254;0m[48;2;1;254;0m▀[38;2;0;253;0m[48;2;0;253;0m▀[38;2;1;253;0m[48;2;2;253;0m▀▀[38;2;4;252;0m[48;2;5;253;0m▀[48;2;5;252;0m▀[38;2;1;253;0m[48;2;3;252;0m▀[48;2;2;252;0m▀[38;2;2;252;0m▀▀[38;2;233;118;0m[48;2;235;118;0m▀[38;2;253;0;0m[48;2;254;0;0m▀[38;2;254;0;0m▀▀[38;2;253;0;0m[48;2;253;0;0m▀[38;2;251;0;0m[48;2;251;0;0m▀[38;2;253;0;0m[48;2;253;0;0m▀[38;2;254;0;0m[48;2;254;0;0m▀[38;2;252;0;0m[48;2;252;0;0m▀▀[38;2;253;0;0m[48;2;253;1;2m▀[38;2;252;0;0m▀[38;2;136;0;0m[48;2;136;0;0m▀[38;2;0;0;0m[48;2;0;0;0m▀[38;2;17;17;17m▀[38;2;138;138;138m[48;2;56;56;56m▀[38;2;254;254;254m[48;2;254;254;254m▀[38;2;254;253;254m[48;2;254;253;254m▀[38;2;254;254;254m[48;2;254;254;254m▀▀▀[38;2;254;253;254m[48;2;254;253;254m▀▀[38;2;254;252;254m[48;2;254;252;254m▀[39m[49m│
│[38;2;0;0;0m[48;2;0;0;0m▀▀▀▀▀[38;2;0;0;1m[48;2;0;0;1m▀[38;2;0;0;0m[48;2;0;0;0m▀▀▀[38;2;0;0;1m▀[38;2;161;159;165m[48;2;157;156;158m▀[38;2;253;252;254m[48;2;254;254;254m▀[38;2;151;254;254m[48;2;151;254;254m▀[38;2;1;254;254m[48;2;0;254;254m▀[38;2;1;253;254m[48;2;0;252;254m▀[38;2;0;251;254m▀[38;2;0;253;254m[48;2;0;254;254m▀[38;2;0;254;254m▀▀[38;2;0;253;254m[48;2;0;253;254m▀[38;2;0;254;254m[48;2;0;254;254m▀▀▀▀[38;2;159;212;254m[48;2;159;212;254m▀[38;2;253;0;252m[48;2;253;0;252m▀▀▀▀[38;2;253;0;250m[48;2;253;0;250m▀[38;2;253;0;251m[48;2;253;0;251m▀[38;2;253;0;252m[48;2;253;0;252m▀[38;2;253;0;253m[48;2;253;0;253m▀[38;2;252;0;253m[48;2;252;0;253m▀▀[38;2;254;0;254m[48;2;254;0;254m▀▀[38;2;56;33;254m[48;2;56;33;254m▀[38;2;0;0;254m[48;2;0;0;254m▀▀▀▀▀▀[38;2;0;0;253m[48;2;0;0;253m▀[38;2;0;0;254m[48;2;0;0;254m▀▀▀▀[38;2;106;170;198m[48;2;106;170;198m▀[38;2;251;253;0m[48;2;251;253;0m▀[38;2;252;253;0m[48;2;252;253;0m▀[38;2;252;252;0m[48;2;252;252;0m▀▀▀[38;2;252;253;0m[48;2;252;253;0m▀▀[38;2;253;254;0m[48;2;253;254;0m▀[38;2;254;254;0m[48;2;254;254;0m▀[38;2;253;253;0m[48;2;253;253;0m▀[38;2;254;254;0m[48;2;254;254;0m▀[38;2;234;253;0m[48;2;234;253;0m▀[38;2;0;254;0m[48;2;0;254;0m▀▀[38;2;1;254;0m[48;2;1;254;0m▀[38;2;0;253;0m[48;2;0;253;0m▀[38;2;3;252;0m[48;2;3;252;0m▀[48;2;3;251;0m▀[38;2;2;253;0m[48;2;0;253;0m▀[38;2;1;253;0m▀[38;2;0;254;0m[48;2;0;254;0m▀▀[38;2;2;254;0m[48;2;1;254;0m▀[48;2;2;254;0m▀[38;2;235;118;1m[48;2;235;119;1m▀[38;2;254;0;0m[48;2;254;0;1m▀[48;2;254;0;0m▀▀▀▀▀▀[38;2;253;0;0m[48;2;253;0;0m▀[38;2;251;0;0m[48;2;252;0;0m▀[38;2;252;0;0m▀[48;2;251;0;0m▀[38;2;136;0;0m[48;2;142;12;7m▀[38;2;0;0;0m[48;2;0;0;0m▀▀[38;2;44;44;44m[48;2;39;39;39m▀[38;2;254;254;254m[48;2;253;253;253m▀[38;2;254;253;254m[48;2;254;253;254m▀[38;2;254;254;254m[48;2;254;254;254m▀▀▀[38;2;254;253;254m[48;2;254;253;254m▀▀[38;2;254;252;254m[48;2;254;252;254m▀[39m[49m│
│[38;2;0;0;0m[48;2;0;0;0m▀▀▀▀▀[38;2;0;0;1m[48;2;0;0;1m▀[38;2;0;0;0m[48;2;0;0;0m▀▀▀[38;2;143;144;150m[48;2;165;167;173m▀[38;2;243;242;244m[48;2;254;253;254m▀[38;2;253;252;254m[48;2;253;252;254m▀[38;2;150;254;254m[48;2;150;254;254m▀[38;2;0;254;254m[48;2;0;254;254m▀[38;2;0;253;254m[48;2;0;253;254m▀[38;2;0;252;254m[48;2;0;252;254m▀[38;2;0;254;254m[48;2;0;254;254m▀▀▀[38;2;0;253;254m[48;2;0;253;254m▀[38;2;0;254;254m[48;2;0;254;254m▀▀▀▀[38;2;159;212;254m[48;2;159;212;254m▀[38;2;253;0;252m[48;2;253;0;252m▀▀▀▀[38;2;253;0;250m[48;2;253;0;250m▀[38;2;253;0;251m[48;2;253;0;251m▀[38;2;253;0;252m[48;2;253;0;252m▀[38;2;253;0;253m[48;2;253;0;253m▀[38;2;252;0;253m[48;2;252;0;253m▀▀[38;2;254;0;254m[48;2;254;0;254m▀▀[38;2;56;33;254m[48;2;56;33;254m▀[38;2;0;0;254m[48;2;0;0;254m▀▀▀▀▀▀[38;2;0;0;253m[48;2;0;0;253m▀[38;2;0;0;254m[48;2;0;0;254m▀▀▀▀[38;2;106;170;198m[48;2;106;170;198m▀[38;2;251;253;0m[48;2;251;253;0m▀[38;2;252;253;0m[48;2;252;253;0m▀[38;2;252;252;0m[48;2;252;252;0m▀▀▀[38;2;252;253;0m[48;2;252;253;0m▀▀[38;2;253;254;0m[48;2;253;254;0m▀[38;2;254;254;0m[48;2;254;254;0m▀[38;2;253;253;0m[48;2;253;253;0m▀[38;2;254;254;0m[48;2;254;254;0m▀[38;2;234;253;0m[48;2;234;253;0m▀[38;2;0;254;0m[48;2;0;254;0m▀▀[38;2;1;254;0m[48;2;1;254;0m▀[38;2;0;253;0m[48;2;0;253;0m▀[38;2;0;253;1m[48;2;0;253;1m▀▀[38;2;0;254;0m[48;2;0;254;0m▀▀▀▀▀▀[38;2;176;107;40m[48;2;111;78;0m▀[38;2;175;29;36m[48;2;96;0;0m▀[38;2;173;31;35m[48;2;94;0;0m▀[38;2;173;33;36m▀[38;2;173;34;36m[48;2;92;0;0m▀[38;2;171;33;35m▀[38;2;174;35;35m[48;2;91;0;0m▀[38;2;176;37;35m▀[38;2;213;28;26m[48;2;167;0;0m▀[38;2;252;0;0m[48;2;252;0;0m▀▀[38;2;253;0;0m[48;2;253;0;0m▀[38;2;144;15;8m[48;2;144;15;9m▀[38;2;0;0;0m[48;2;0;0;0m▀▀▀[38;2;51;51;51m[48;2;32;31;32m▀[38;2;254;253;254m[48;2;254;253;254m▀[38;2;254;254;254m[48;2;254;254;254m▀▀▀[38;2;254;253;254m[48;2;254;253;254m▀▀[38;2;254;252;254m[48;2;254;252;254m▀[39m[49m│
│[38;2;0;0;0m[48;2;0;0;0m▀▀▀▀▀[38;2;0;0;1m[48;2;0;0;1m▀[38;2;0;0;0m[48;2;0;0;0m▀▀▀[38;2;165;167;173m[48;2;165;167;173m▀[38;2;254;253;254m[48;2;254;253;254m▀[38;2;253;252;254m[48;2;253;252;254m▀[38;2;150;254;254m[48;2;150;254;254m▀[38;2;0;254;254m[48;2;0;254;254m▀[38;2;0;253;254m[48;2;0;253;254m▀[38;2;0;252;254m[48;2;0;252;254m▀[38;2;0;254;254m[48;2;0;254;254m▀▀▀[38;2;0;253;254m[48;2;0;253;254m▀[38;2;0;254;254m[48;2;0;254;254m▀▀▀▀[38;2;159;212;254m[48;2;159;212;254m▀[38;2;253;0;252m[48;2;253;0;252m▀▀▀▀[38;2;253;0;250m[48;2;253;0;250m▀[38;2;253;0;251m[48;2;253;0;251m▀[38;2;253;0;252m[48;2;253;0;252m▀[38;2;253;0;253m[48;2;253;0;253m▀[38;2;252;0;253m[48;2;252;0;253m▀▀[38;2;254;0;254m[48;2;254;0;254m▀▀[38;2;56;33;254m[48;2;56;33;254m▀[38;2;0;0;254m[48;2;0;0;254m▀▀▀▀▀▀[38;2;0;0;253m[48;2;0;0;253m▀[38;2;0;0;254m[48;2;0;0;254m▀▀▀▀[38;2;106;170;198m[48;2;106;170;198m▀[38;2;251;253;0m[48;2;251;253;0m▀[38;2;252;253;0m[48;2;252;253;0m▀[38;2;252;252;0m[48;2;252;252;0m▀▀▀[38;2;252;253;0m[48;2;252;253;0m▀▀[38;2;253;254;0m[48;2;253;254;0m▀[38;2;254;254;0m[48;2;254;254;0m▀[38;2;253;253;0m[48;2;253;253;0m▀[38;2;254;254;0m[48;2;254;254;0m▀[38;2;234;253;0m[48;2;234;253;0m▀[38;2;0;254;0m[48;2;0;254;0m▀▀[38;2;1;254;0m[48;2;1;254;0m▀[38;2;0;253;0m[48;2;0;253;0m▀▀▀[38;2;2;253;0m[48;2;2;253;0m▀[38;2;2;252;0m▀[38;2;0;253;0m[48;2;0;254;0m▀▀[38;2;0;254;2m[48;2;0;254;2m▀[38;2;0;254;3m[48;2;0;254;3m▀[38;2;0;58;20m[48;2;0;55;17m▀[38;2;0;0;0m[48;2;0;1;1m▀[48;2;0;2;2m▀[38;2;0;1;1m[48;2;0;1;0m▀[38;2;0;2;4m[48;2;0;0;2m▀[38;2;0;4;8m[48;2;0;1;4m▀[38;2;114;129;132m[48;2;115;125;128m▀[38;2;93;104;108m[48;2;98;109;109m▀[38;2;104;19;18m[48;2;108;25;18m▀[38;2;252;0;0m[48;2;252;0;0m▀▀[38;2;253;0;0m[48;2;253;0;0m▀[38;2;144;15;9m[48;2;144;15;9m▀[38;2;0;0;0m[48;2;0;0;0m▀▀▀[38;2;32;31;32m[48;2;32;31;32m▀[38;2;254;253;254m[48;2;254;253;254m▀[38;2;254;254;254m[48;2;254;254;254m▀▀▀[38;2;254;253;254m[48;2;254;253;254m▀▀[38;2;254;252;254m[48;2;254;252;254m▀[39m[49m│
│[38;2;0;0;0m[48;2;0;0;0m▀▀▀▀▀[38;2;0;0;1m[48;2;0;0;1m▀[38;2;0;0;0m[48;2;0;0;0m▀▀▀[38;2;165;167;173m[48;2;165;167;173m▀[38;2;254;253;254m[48;2;254;253;254m▀[38;2;253;252;254m[48;2;253;252;254m▀[38;2;150;254;254m[48;2;150;254;254m▀[38;2;0;254;254m[48;2;0;254;254m▀[38;2;0;253;254m[48;2;0;253;254m▀[38;2;0;252;254m[48;2;0;252;254m▀[38;2;0;254;254m[48;2;0;254;254m▀▀▀[38;2;0;253;254m[48;2;0;253;254m▀[38;2;0;254;254m[48;2;0;254;254m▀▀▀▀[38;2;159;212;254m[48;2;159;212;254m▀[38;2;253;0;252m[48;2;253;0;252m▀▀▀▀[38;2;253;0;250m[48;2;253;0;250m▀[38;2;253;0;251m[48;2;253;0;251m▀[38;2;253;0;252m[48;2;253;0;252m▀[38;2;253;0;253m[48;2;253;0;253m▀[38;2;252;0;253m[48;2;252;0;253m▀▀[38;2;254;0;254m[48;2;254;0;254m▀▀[38;2;56;33;254m[48;2;56;33;254m▀[38;2;0;0;254m[48;2;0;0;254m▀▀▀▀▀▀[38;2;0;0;253m[48;2;0;0;253m▀[38;2;0;0;254m[48;2;0;0;254m▀▀▀▀[38;2;106;170;198m[48;2;106;170;198m▀[38;2;251;253;0m[48;2;251;253;0m▀[38;2;252;253;0m[48;2;252;253;0m▀[38;2;252;252;0m[48;2;252;252;0m▀▀▀[38;2;252;253;0m[48;2;252;253;0m▀▀[38;2;253;254;0m[48;2;253;254;0m▀[38;2;254;254;0m[48;2;254;254;0m▀[38;2;253;253;0m[48;2;253;253;0m▀[38;2;254;254;0m[48;2;254;254;0m▀[38;2;234;253;0m[48;2;234;253;0m▀[38;2;0;254;0m[48;2;0;254;0m▀▀[38;2;1;254;0m[48;2;1;254;0m▀[38;2;0;253;0m[48;2;0;253;0m▀[38;2;3;252;0m[48;2;2;252;0m▀[38;2;3;251;0m▀[38;2;0;254;0m[48;2;0;254;0m▀▀▀▀[38;2;4;252;0m[48;2;3;253;0m▀[38;2;5;251;0m[48;2;4;252;0m▀[38;2;1;58;18m[48;2;13;58;23m▀[38;2;0;0;0m[48;2;0;0;0m▀[38;2;1;0;0m▀[38;2;4;0;0m[48;2;1;0;0m▀[38;2;2;0;0m[48;2;2;0;0m▀[38;2;0;0;0m▀[38;2;116;114;112m[48;2;127;118;121m▀[38;2;96;100;95m[48;2;93;91;93m▀[38;2;101;13;0m[48;2;95;0;0m▀[38;2;252;0;0m[48;2;252;0;0m▀▀[38;2;253;0;0m[48;2;253;0;0m▀[38;2;144;15;9m[48;2;144;15;9m▀[38;2;0;0;0m[48;2;0;0;0m▀▀▀[38;2;32;31;32m[48;2;32;31;32m▀[38;2;254;253;254m[48;2;254;253;254m▀[38;2;254;254;254m[48;2;254;254;254m▀▀▀[38;2;254;253;254m[48;2;254;253;254m▀▀[38;2;254;252;254m[48;2;254;252;254m▀[39m[49m│
│[38;2;0;0;0m[48;2;0;0;0m▀▀▀▀▀[38;2;0;0;1m[48;2;0;0;1m▀[38;2;0;0;0m[48;2;0;0;0m▀▀▀[38;2;165;167;173m[48;2;164;165;169m▀[38;2;254;253;254m[48;2;254;253;254m▀[38;2;253;252;254m[48;2;253;253;254m▀[38;2;150;254;254m[48;2;150;254;254m▀[38;2;0;254;254m[48;2;0;254;253m▀[38;2;0;253;254m[48;2;0;254;254m▀[38;2;0;252;254m[48;2;0;253;254m▀[38;2;0;254;254m[48;2;0;254;254m▀[48;2;0;254;253m▀[48;2;0;254;254m▀[38;2;0;253;254m▀[38;2;0;254;254m▀▀▀[48;2;0;254;253m▀[38;2;159;212;254m[48;2;158;212;254m▀[38;2;253;0;252m[48;2;252;0;252m▀[48;2;253;0;252m▀[48;2;253;0;251m▀▀[38;2;253;0;250m[48;2;253;0;250m▀[38;2;253;0;251m[48;2;253;0;251m▀[38;2;253;0;252m[48;2;253;0;252m▀[38;2;253;0;253m[48;2;253;0;253m▀[38;2;252;0;253m▀▀[38;2;254;0;254m[48;2;254;0;254m▀▀[38;2;56;33;254m[48;2;57;33;254m▀[38;2;0;0;254m[48;2;0;0;253m▀▀▀[48;2;0;0;254m▀▀▀[38;2;0;0;253m[48;2;0;0;253m▀[38;2;0;0;254m[48;2;0;0;254m▀▀▀▀[38;2;106;170;198m[48;2;106;170;198m▀[38;2;251;253;0m[48;2;251;253;0m▀[38;2;252;253;0m[48;2;252;253;0m▀[38;2;252;252;0m▀▀▀[38;2;252;253;0m▀[48;2;252;254;0m▀[38;2;253;254;0m▀[38;2;254;254;0m[48;2;254;254;0m▀[38;2;253;253;0m[48;2;252;253;0m▀[38;2;254;254;0m[48;2;254;254;0m▀[38;2;234;253;0m[48;2;233;254;0m▀[38;2;0;254;0m[48;2;0;254;0m▀▀[38;2;1;254;0m▀[38;2;0;253;0m▀[38;2;0;254;0m▀▀▀▀[38;2;2;252;1m[48;2;1;253;0m▀[38;2;2;251;1m▀[38;2;0;254;0m[48;2;0;254;0m▀▀[38;2;7;51;27m[48;2;7;48;20m▀[38;2;0;0;5m[48;2;0;0;0m▀[38;2;0;0;1m▀[38;2;0;0;0m▀▀[38;2;0;0;3m▀[38;2;64;56;71m[48;2;50;49;54m▀[38;2;50;43;53m[48;2;42;36;45m▀[38;2;99;2;8m[48;2;100;3;9m▀[38;2;252;0;0m[48;2;252;0;0m▀▀[38;2;253;0;0m[48;2;253;0;0m▀[38;2;144;15;9m[48;2;143;17;4m▀[38;2;0;0;0m[48;2;0;0;0m▀▀▀[38;2;32;31;32m[48;2;32;31;32m▀[38;2;254;253;254m[48;2;254;254;254m▀[38;2;254;254;254m▀[48;2;253;254;253m▀[48;2;254;254;253m▀[38;2;254;253;254m▀▀[38;2;254;252;254m[48;2;254;253;253m▀[39m[49m│
│[38;2;0;0;0m[48;2;0;0;0m▀▀▀▀▀[38;2;0;0;1m[48;2;0;0;1m▀[38;2;0;0;0m[48;2;0;0;0m▀▀▀[38;2;164;164;164m[48;2;165;166;170m▀[38;2;254;254;254m[48;2;254;254;254m▀[38;2;253;253;253m[48;2;253;253;253m▀[38;2;150;254;253m[48;2;150;254;254m▀[38;2;0;254;252m[48;2;0;254;254m▀[38;2;0;254;254m▀[38;2;0;253;254m[48;2;0;253;254m▀[38;2;0;254;253m[48;2;0;254;254m▀[38;2;0;254;252m▀[38;2;0;254;253m▀[38;2;0;254;254m▀▀▀▀[38;2;0;253;252m[48;2;0;253;254m▀[38;2;157;211;254m[48;2;157;212;254m▀[38;2;251;0;252m[48;2;251;0;254m▀[38;2;252;0;252m[48;2;252;0;253m▀[38;2;253;0;250m[48;2;253;0;252m▀[48;2;254;0;252m▀▀[38;2;253;0;251m▀[38;2;253;0;252m▀[38;2;254;0;253m[48;2;254;0;253m▀[48;2;254;0;254m▀▀▀▀[38;2;57;33;253m[48;2;57;33;254m▀[38;2;0;0;252m[48;2;0;0;253m▀[48;2;0;0;254m▀[48;2;0;0;253m▀[38;2;0;0;254m[48;2;0;0;254m▀▀▀[38;2;0;0;253m▀[38;2;0;0;254m▀▀▀[38;2;0;0;253m▀[38;2;105;170;198m[48;2;106;170;198m▀[38;2;251;253;0m[48;2;251;253;0m▀[38;2;252;253;0m[48;2;252;253;0m▀▀▀[38;2;251;253;0m▀[38;2;251;254;0m▀[48;2;252;254;0m▀[38;2;252;254;0m[48;2;253;254;0m▀[38;2;253;254;0m[48;2;254;254;0m▀[38;2;252;254;0m[48;2;253;253;0m▀[38;2;253;254;0m[48;2;254;254;0m▀[38;2;233;254;0m[48;2;233;254;0m▀[38;2;0;254;0m[48;2;0;254;0m▀▀▀▀▀▀▀▀▀▀▀▀[38;2;22;53;16m[48;2;8;56;16m▀[38;2;0;0;0m[48;2;0;0;0m▀▀[48;2;0;0;1m▀▀[48;2;0;0;2m▀[38;2;118;122;120m[48;2;118;122;125m▀[38;2;92;92;93m[48;2;101;96;103m▀[38;2;95;0;0m[48;2;103;3;12m▀[38;2;252;0;0m[48;2;252;0;0m▀▀[38;2;253;0;0m[48;2;253;0;1m▀[38;2;142;18;0m[48;2;144;16;6m▀[38;2;0;0;0m[48;2;0;0;0m▀▀▀[38;2;32;32;32m[48;2;32;31;32m▀[38;2;254;254;254m[48;2;254;254;254m▀▀[38;2;252;254;251m[48;2;252;254;254m▀[38;2;253;254;251m[48;2;253;254;254m▀[38;2;254;254;251m[48;2;254;254;254m▀▀▀[39m[49m│
│[38;2;0;0;0m[48;2;0;0;0m▀▀▀▀▀[38;2;0;0;1m▀[38;2;0;0;0m▀▀▀[38;2;165;167;173m[48;2;170;166;167m▀[38;2;254;254;254m[48;2;254;253;252m▀[38;2;253;253;253m[48;2;254;252;251m▀[38;2;150;254;254m[48;2;151;254;252m▀[38;2;0;254;254m[48;2;0;254;253m▀▀[38;2;0;253;254m[48;2;0;253;253m▀[38;2;0;254;254m[48;2;1;253;253m▀[48;2;2;253;253m▀[48;2;1;253;253m▀[38;2;0;253;254m[48;2;0;253;253m▀▀[48;2;2;253;253m▀[48;2;2;253;252m▀[48;2;2;253;251m▀[38;2;157;212;254m[48;2;158;211;253m▀[38;2;251;0;254m[48;2;253;0;251m▀[38;2;252;0;254m▀[38;2;253;0;252m▀[38;2;254;0;252m[48;2;254;0;251m▀[48;2;254;0;249m▀▀[48;2;254;0;251m▀[38;2;254;0;253m▀[38;2;254;0;254m[48;2;253;0;252m▀[48;2;252;0;251m▀[48;2;254;0;253m▀▀[38;2;57;33;254m[48;2;56;33;253m▀[38;2;0;0;254m[48;2;0;0;252m▀[48;2;0;0;253m▀[48;2;0;0;252m▀[48;2;0;0;253m▀[48;2;0;0;254m▀[48;2;0;0;252m▀▀[48;2;0;0;253m▀[48;2;0;0;254m▀▀▀[38;2;106;170;198m[48;2;105;171;198m▀[38;2;251;253;0m[48;2;251;254;0m▀[38;2;252;253;0m[48;2;252;254;0m▀[48;2;252;253;0m▀▀[38;2;252;252;0m[48;2;252;252;0m▀[38;2;252;253;0m[48;2;252;253;0m▀[48;2;252;254;0m▀[38;2;253;254;0m▀[38;2;254;254;0m[48;2;253;254;0m▀[38;2;253;253;0m[48;2;252;254;0m▀[38;2;254;254;0m▀[38;2;234;254;0m[48;2;231;254;0m▀[38;2;0;254;0m[48;2;0;254;0m▀▀[38;2;1;254;0m▀[38;2;0;253;0m▀[38;2;0;254;0m▀▀▀[38;2;0;253;0m▀[38;2;0;254;0m▀[48;2;0;254;1m▀[48;2;0;252;4m▀[38;2;0;253;0m▀[38;2;6;59;19m[48;2;41;53;3m▀[38;2;0;0;0m[48;2;5;0;0m▀[48;2;4;0;0m▀[38;2;0;0;2m[48;2;5;0;0m▀[38;2;0;0;0m[48;2;6;0;0m▀[48;2;7;0;0m▀[38;2;114;115;116m[48;2;133;118;118m▀[38;2;106;99;108m[48;2;112;98;99m▀[38;2;107;4;19m[48;2;112;0;3m▀[38;2;252;0;0m[48;2;252;0;0m▀▀[38;2;253;0;2m[48;2;253;0;0m▀[38;2;144;15;9m[48;2;144;15;0m▀[38;2;0;0;0m[48;2;0;0;0m▀▀▀[38;2;32;31;32m[48;2;32;32;32m▀[38;2;254;253;254m[48;2;254;254;254m▀[38;2;254;254;254m▀[38;2;252;254;254m[48;2;254;254;252m▀[38;2;253;254;254m▀[38;2;254;254;254m▀▀▀[39m[49m│
│[38;2;0;0;0m[48;2;0;0;0m▀▀▀▀▀▀▀▀▀[38;2;171;166;166m[48;2;171;166;166m▀[38;2;254;253;252m[48;2;254;253;252m▀[38;2;254;252;250m[48;2;254;252;250m▀[38;2;151;254;252m[48;2;151;254;252m▀[38;2;0;254;252m[48;2;0;253;252m▀[48;2;1;253;254m▀[38;2;0;253;252m[48;2;2;252;254m▀[38;2;1;253;252m[48;2;0;254;254m▀[38;2;2;252;252m▀[38;2;1;253;252m▀[38;2;0;253;252m▀[38;2;1;253;252m▀[38;2;2;252;252m▀▀[38;2;2;252;250m[48;2;0;253;252m▀[38;2;158;211;252m[48;2;157;211;254m▀[38;2;253;0;250m[48;2;251;0;252m▀[48;2;252;0;252m▀[48;2;254;0;250m▀[38;2;254;0;250m▀[38;2;254;0;248m▀[38;2;254;0;249m[48;2;254;0;251m▀[38;2;253;0;250m[48;2;254;0;252m▀[38;2;253;0;251m[48;2;254;0;253m▀[38;2;252;0;251m▀▀[38;2;254;0;253m▀▀[38;2;56;33;253m[48;2;57;33;254m▀[38;2;0;0;252m[48;2;0;0;254m▀[48;2;1;0;253m▀[48;2;0;0;252m▀[38;2;0;0;253m[48;2;0;0;254m▀▀[38;2;0;0;252m[48;2;1;0;254m▀[38;2;0;0;251m[48;2;2;0;253m▀[38;2;0;0;253m[48;2;1;0;254m▀[48;2;0;0;254m▀[48;2;1;0;254m▀[48;2;2;0;253m▀[38;2;105;171;198m[48;2;105;170;197m▀[38;2;251;254;0m[48;2;249;253;0m▀[38;2;252;254;0m[48;2;251;253;0m▀[38;2;252;253;0m[48;2;252;253;0m▀▀[38;2;252;252;0m[48;2;252;252;0m▀[38;2;252;253;0m[48;2;252;253;0m▀[38;2;251;254;0m[48;2;251;254;0m▀[38;2;252;254;0m[48;2;252;254;0m▀[38;2;253;254;0m[48;2;253;254;0m▀[38;2;251;254;0m[48;2;251;254;0m▀▀[38;2;231;254;0m[48;2;231;254;0m▀[38;2;0;254;0m[48;2;0;254;0m▀▀▀▀[48;2;3;252;0m▀[48;2;3;251;0m▀[48;2;2;251;0m▀▀[38;2;0;254;1m[48;2;0;254;0m▀▀[38;2;0;252;4m▀[38;2;0;251;5m▀[38;2;38;49;0m[48;2;224;115;13m▀[38;2;15;0;0m[48;2;239;0;12m▀[38;2;16;3;0m[48;2;244;0;6m▀[38;2;13;0;0m[48;2;246;0;3m▀[38;2;11;0;0m[48;2;244;3;5m▀[38;2;13;0;0m[48;2;240;3;4m▀[38;2;17;1;0m[48;2;239;4;8m▀[38;2;14;0;1m[48;2;238;5;11m▀[38;2;116;0;5m[48;2;245;2;5m▀[38;2;252;0;0m[48;2;252;0;0m▀▀[38;2;253;0;0m[48;2;253;0;0m▀[38;2;144;15;0m[48;2;144;15;0m▀[38;2;0;0;0m[48;2;0;0;0m▀▀▀[38;2;32;32;32m[48;2;32;32;32m▀[38;2;254;254;254m[48;2;254;254;254m▀▀[38;2;254;254;251m[48;2;252;254;251m▀[48;2;253;254;251m▀[48;2;254;254;251m▀▀[38;2;254;253;251m▀[39m[49m│
│[38;2;0;0;0m[48;2;0;0;0m▀▀▀▀▀▀▀▀▀[38;2;171;167;167m[48;2;131;131;131m▀[38;2;254;253;252m[48;2;235;234;233m▀[38;2;254;252;250m[48;2;253;252;250m▀[38;2;151;254;252m[48;2;150;254;251m▀[38;2;0;254;253m[48;2;0;254;253m▀[38;2;1;253;254m[48;2;1;254;253m▀[38;2;2;253;254m[48;2;0;254;253m▀[38;2;0;254;254m[48;2;0;253;252m▀▀[48;2;0;254;253m▀[48;2;0;254;254m▀▀[48;2;0;253;254m▀▀[38;2;0;253;252m[48;2;0;253;252m▀[38;2;157;211;254m[48;2;157;211;254m▀[38;2;251;0;252m[48;2;251;0;252m▀[38;2;252;0;252m▀[38;2;254;0;250m[48;2;251;0;250m▀[48;2;252;0;250m▀[48;2;253;0;250m▀[38;2;254;0;251m▀[38;2;254;0;252m[48;2;251;0;250m▀[48;2;251;0;251m▀[38;2;254;0;253m[48;2;252;0;253m▀[38;2;253;0;253m▀[38;2;254;0;253m[48;2;254;0;253m▀▀[38;2;57;33;254m[48;2;56;33;253m▀[38;2;0;0;253m[48;2;0;0;252m▀[38;2;1;0;253m[48;2;1;0;252m▀[38;2;0;0;252m[48;2;0;0;252m▀[38;2;0;0;254m[48;2;0;0;253m▀▀[38;2;1;0;254m[48;2;0;0;252m▀[38;2;2;0;253m[48;2;0;0;251m▀[38;2;1;0;254m[48;2;1;0;253m▀[38;2;0;0;254m[48;2;2;0;253m▀[38;2;1;0;254m▀[38;2;2;0;253m▀[38;2;105;170;197m[48;2;106;170;198m▀[38;2;250;253;0m[48;2;251;253;0m▀[38;2;251;253;0m[48;2;252;253;0m▀[38;2;252;253;0m[48;2;252;252;0m▀[48;2;252;253;0m▀[48;2;251;253;0m▀[48;2;252;253;0m▀[38;2;252;254;0m▀[48;2;253;254;0m▀[38;2;253;254;0m[48;2;254;254;0m▀[38;2;252;254;0m[48;2;253;253;0m▀[38;2;251;254;0m[48;2;254;253;0m▀[38;2;231;254;0m[48;2;235;253;0m▀[38;2;0;254;0m[48;2;0;254;0m▀▀[48;2;1;254;0m▀[48;2;0;253;0m▀[38;2;3;252;0m▀▀[38;2;2;252;0m[48;2;0;253;1m▀[48;2;0;252;1m▀[38;2;0;254;0m[48;2;2;252;1m▀[48;2;2;251;1m▀[48;2;0;254;0m▀▀[38;2;224;115;10m[48;2;235;119;1m▀[38;2;241;0;12m[48;2;254;0;1m▀[38;2;246;0;6m[48;2;254;0;0m▀[38;2;247;0;2m▀[38;2;244;1;3m▀[38;2;240;1;2m▀[38;2;239;1;5m▀[38;2;238;3;8m▀[38;2;245;1;4m▀[38;2;252;0;0m[48;2;252;0;0m▀[48;2;253;0;0m▀[38;2;253;0;0m[48;2;254;0;0m▀[38;2;144;14;0m[48;2;139;2;0m▀[38;2;0;0;0m[48;2;0;0;0m▀▀[48;2;6;2;0m▀[38;2;34;33;32m[48;2;84;79;73m▀[38;2;254;254;254m[48;2;254;252;251m▀[48;2;254;253;251m▀[38;2;253;254;251m[48;2;254;253;249m▀▀[38;2;254;254;251m▀▀[48;2;254;252;249m▀[39m[49m│
│[38;2;0;0;0m[48;2;0;0;1m▀▀▀▀[48;2;0;0;3m▀▀[48;2;0;0;1m▀▀[38;2;0;0;1m[48;2;0;0;4m▀[38;2;0;0;0m[48;2;0;0;2m▀[38;2;154;154;155m[48;2;157;157;164m▀[38;2;254;253;252m[48;2;254;253;254m▀[38;2;150;254;252m[48;2;151;254;254m▀[38;2;0;252;250m[48;2;0;254;254m▀[38;2;0;252;252m[48;2;0;253;254m▀[48;2;0;251;254m▀[38;2;0;253;253m[48;2;0;252;254m▀[38;2;0;254;253m[48;2;0;254;254m▀[38;2;0;254;254m▀▀▀▀▀[38;2;0;253;252m[48;2;0;253;252m▀[38;2;157;211;254m[48;2;157;211;254m▀[38;2;251;0;252m[48;2;251;0;252m▀[38;2;252;0;252m[48;2;252;0;252m▀[38;2;252;0;250m[48;2;253;0;250m▀▀[38;2;253;0;250m▀[38;2;253;0;251m[48;2;253;0;251m▀[38;2;252;0;251m[48;2;253;0;252m▀[48;2;254;0;253m▀[38;2;253;0;253m▀[38;2;252;0;253m▀[38;2;254;0;253m▀▀[38;2;56;33;253m[48;2;57;33;253m▀[38;2;0;0;252m[48;2;0;0;252m▀▀▀[38;2;0;0;253m[48;2;0;0;254m▀[38;2;0;0;254m▀[38;2;0;0;253m▀[38;2;0;0;252m[48;2;0;0;253m▀[38;2;1;0;253m[48;2;0;0;254m▀[38;2;1;0;254m▀▀[38;2;1;0;253m[48;2;0;0;253m▀[38;2;106;170;198m[48;2;106;170;197m▀[38;2;252;253;0m[48;2;252;252;0m▀[48;2;253;252;0m▀[38;2;253;252;0m[48;2;254;251;0m▀[38;2;253;253;0m[48;2;254;252;0m▀[38;2;252;253;0m[48;2;252;252;0m▀[48;2;252;253;0m▀[38;2;252;254;0m[48;2;251;254;0m▀[38;2;253;254;0m[48;2;252;254;0m▀[38;2;254;254;0m[48;2;253;254;0m▀[38;2;252;253;0m[48;2;251;254;0m▀[38;2;254;254;0m▀[38;2;234;253;0m[48;2;231;254;0m▀[38;2;0;254;0m[48;2;0;254;0m▀▀▀▀[38;2;0;253;0m[48;2;2;252;1m▀[48;2;2;251;1m▀[38;2;0;253;1m[48;2;0;252;1m▀[38;2;0;252;1m▀[38;2;1;252;1m[48;2;0;253;1m▀▀[38;2;0;254;0m[48;2;0;254;0m▀▀[38;2;234;118;1m[48;2;233;118;0m▀[38;2;254;0;0m[48;2;252;0;0m▀▀▀▀[48;2;251;0;0m▀▀▀[38;2;253;0;0m▀[48;2;250;0;0m▀[48;2;251;0;0m▀[38;2;254;0;0m[48;2;251;0;1m▀[38;2;146;11;0m[48;2;135;0;0m▀[38;2;0;0;0m[48;2;0;0;0m▀▀[38;2;52;48;43m[48;2;42;44;44m▀[38;2;254;254;251m[48;2;253;253;254m▀[38;2;254;253;252m[48;2;252;253;254m▀[48;2;252;254;254m▀[38;2;254;254;251m▀▀▀[48;2;253;254;254m▀[38;2;254;253;251m[48;2;254;254;254m▀[39m[49m│
│[38;2;0;0;2m[48;2;0;0;3m▀▀[38;2;0;0;1m[48;2;0;0;1m▀▀[38;2;0;0;4m[48;2;0;0;4m▀[48;2;0;0;5m▀[38;2;0;0;1m[48;2;0;0;2m▀[48;2;0;0;1m▀[38;2;0;0;3m[48;2;0;0;3m▀[48;2;0;0;2m▀[38;2;158;158;166m[48;2;60;61;71m▀[38;2;253;253;254m[48;2;199;197;203m▀[38;2;151;254;254m[48;2;150;254;254m▀[38;2;0;254;254m[48;2;0;253;254m▀[38;2;0;253;254m[48;2;0;252;254m▀[38;2;0;252;254m[48;2;1;252;254m▀[38;2;0;253;254m[48;2;0;254;254m▀[38;2;0;254;254m▀▀▀▀[48;2;0;253;254m▀[48;2;0;254;254m▀[38;2;0;254;253m▀[38;2;158;212;254m[48;2;158;212;254m▀[38;2;251;0;253m[48;2;251;0;254m▀[38;2;252;0;253m[48;2;252;0;254m▀[38;2;254;0;251m[48;2;254;0;252m▀▀▀[38;2;254;0;252m[48;2;254;0;253m▀[38;2;254;0;253m[48;2;254;0;254m▀▀[38;2;254;0;254m▀[38;2;254;0;253m▀[38;2;254;0;254m▀[38;2;254;0;253m▀[38;2;57;33;254m[48;2;57;33;254m▀[38;2;1;0;253m[48;2;2;0;254m▀[38;2;0;0;253m[48;2;1;0;254m▀[48;2;0;0;254m▀[38;2;0;0;254m▀▀▀▀▀▀▀▀[38;2;106;170;198m[48;2;105;171;198m▀[38;2;252;253;0m[48;2;251;254;0m▀[38;2;253;253;0m[48;2;252;254;0m▀[38;2;254;252;0m[48;2;252;253;0m▀[38;2;253;253;0m[48;2;252;254;0m▀[38;2;252;253;0m[48;2;251;254;0m▀[38;2;252;254;0m▀[38;2;251;254;0m▀[38;2;252;254;0m[48;2;252;254;0m▀[38;2;253;254;0m[48;2;253;254;0m▀[38;2;252;254;0m[48;2;252;254;0m▀[48;2;253;254;0m▀[38;2;232;254;0m[48;2;233;254;0m▀[38;2;0;254;0m[48;2;0;254;0m▀▀▀▀[38;2;1;253;0m▀▀[38;2;0;253;0m▀▀[38;2;0;254;0m▀▀▀▀[38;2;234;118;0m[48;2;235;119;0m▀[38;2;253;0;0m[48;2;254;0;0m▀▀▀[38;2;252;0;0m[48;2;253;0;0m▀[48;2;252;0;0m▀[48;2;254;0;0m▀[38;2;253;0;0m▀[38;2;252;0;0m[48;2;253;0;1m▀[38;2;249;0;0m[48;2;248;0;1m▀[48;2;249;0;1m▀[38;2;252;0;3m[48;2;253;0;4m▀[38;2;135;0;0m[48;2;138;8;12m▀[38;2;0;0;0m[48;2;0;0;0m▀[38;2;0;0;2m[48;2;16;20;24m▀[38;2;44;50;55m[48;2;147;150;156m▀[38;2;251;253;253m[48;2;254;254;254m▀[38;2;253;253;254m[48;2;254;253;254m▀[38;2;253;254;254m▀[38;2;252;254;254m[48;2;252;253;254m▀▀▀[38;2;253;254;254m[48;2;253;253;254m▀[38;2;254;254;254m[48;2;254;253;254m▀[39m[49m│
│[38;2;0;0;0m[48;2;0;1;0m▀▀▀▀[48;2;0;0;0m▀▀[48;2;0;1;0m▀▀[38;2;0;1;1m▀[38;2;0;0;0m[48;2;0;0;0m▀▀[38;2;154;156;151m[48;2;152;158;144m▀[38;2;150;254;247m[48;2;150;254;243m▀[38;2;0;254;247m[48;2;0;254;242m▀[38;2;0;253;248m[48;2;0;254;243m▀[38;2;0;253;246m[48;2;0;254;242m▀[38;2;3;252;248m[48;2;4;252;245m▀[38;2;6;251;251m[48;2;10;249;248m▀[38;2;5;251;251m[48;2;9;249;249m▀[38;2;4;251;252m[48;2;7;249;250m▀[38;2;3;252;252m[48;2;5;251;250m▀[38;2;1;253;251m[48;2;2;253;248m▀[38;2;0;254;251m[48;2;1;254;248m▀[48;2;0;254;248m▀[38;2;155;212;252m[48;2;154;211;250m▀[38;2;245;2;250m[48;2;241;4;246m▀[38;2;245;3;249m▀[38;2;244;4;249m[48;2;237;6;246m▀[38;2;243;4;249m[48;2;237;7;246m▀[38;2;241;6;248m[48;2;232;9;244m▀[48;2;232;9;245m▀[38;2;239;7;250m[48;2;229;10;246m▀[48;2;230;10;247m▀[38;2;246;4;250m[48;2;241;6;247m▀[38;2;246;3;250m[48;2;241;5;247m▀[38;2;247;3;251m[48;2;242;4;249m▀[38;2;246;2;251m▀[38;2;56;33;251m[48;2;54;33;249m▀[38;2;0;3;250m[48;2;0;5;248m▀[38;2;0;2;251m[48;2;0;4;248m▀[38;2;0;1;250m[48;2;0;3;248m▀[38;2;0;0;251m[48;2;0;0;249m▀▀[48;2;0;1;248m▀[38;2;0;0;250m[48;2;0;1;247m▀[38;2;0;0;251m[48;2;0;0;249m▀▀▀▀[38;2;104;169;197m[48;2;104;168;195m▀[38;2;249;252;15m[48;2;247;250;22m▀[38;2;250;252;15m[48;2;249;250;22m▀[38;2;252;251;15m[48;2;251;249;22m▀[38;2;252;250;17m[48;2;253;248;23m▀[38;2;253;250;17m[48;2;254;246;24m▀[48;2;254;246;23m▀[38;2;253;250;14m[48;2;254;246;20m▀[38;2;254;250;15m[48;2;254;247;22m▀[38;2;254;250;17m[48;2;254;247;24m▀[38;2;254;249;16m[48;2;254;246;22m▀[38;2;254;249;17m[48;2;254;246;24m▀[38;2;234;249;16m[48;2;235;245;22m▀[38;2;7;248;16m[48;2;11;244;22m▀[38;2;6;248;15m[48;2;11;243;22m▀[38;2;9;248;16m[48;2;14;243;22m▀[38;2;8;247;15m[48;2;13;243;21m▀[38;2;6;249;7m[48;2;10;245;11m▀▀[38;2;8;249;6m[48;2;13;245;9m▀[38;2;8;249;5m▀[38;2;8;248;8m[48;2;13;245;13m▀[48;2;13;244;13m▀[38;2;9;248;7m[48;2;14;244;11m▀[48;2;14;243;11m▀[38;2;231;116;3m[48;2;229;114;5m▀[38;2;251;0;2m[48;2;249;0;3m▀[38;2;252;0;1m[48;2;251;0;2m▀[38;2;253;0;0m[48;2;251;0;1m▀[38;2;252;0;2m[48;2;251;0;4m▀[38;2;252;0;3m[48;2;251;0;5m▀[38;2;253;0;2m[48;2;253;0;4m▀[38;2;254;0;2m[48;2;254;0;3m▀[38;2;254;0;1m[48;2;254;0;1m▀[38;2;252;0;0m[48;2;254;0;0m▀▀[38;2;254;0;1m▀[38;2;142;5;8m[48;2;147;13;0m▀[38;2;0;0;0m[48;2;0;0;0m▀[38;2;46;46;45m[48;2;46;46;44m▀[38;2;254;253;246m[48;2;254;254;244m▀[38;2;254;254;248m▀[38;2;254;253;249m[48;2;254;253;245m▀[38;2;254;254;249m[48;2;254;254;245m▀[38;2;254;254;248m[48;2;254;254;243m▀▀[38;2;254;253;248m[48;2;254;253;243m▀▀▀[39m[49m│
│[38;2;111;190;8m[48;2;150;251;15m▀[38;2;107;186;4m[48;2;145;246;9m▀[38;2;91;188;7m[48;2;124;249;13m▀[38;2;86;185;4m[48;2;117;244;8m▀[38;2;66;187;8m[48;2;92;249;16m▀[38;2;60;184;7m[48;2;83;245;13m▀[38;2;44;188;8m[48;2;63;249;15m▀[38;2;37;185;6m[48;2;53;245;11m▀[38;2;23;187;5m[48;2;35;249;11m▀[38;2;15;183;4m[48;2;25;248;8m▀[38;2;8;185;8m[48;2;15;246;15m▀[38;2;83;228;75m[48;2;12;246;19m▀[38;2;64;251;109m[48;2;4;249;49m▀[38;2;0;252;115m[48;2;0;250;60m▀[38;2;0;253;121m[48;2;0;251;73m▀[38;2;0;254;126m[48;2;0;253;82m▀[38;2;0;254;136m[48;2;0;254;97m▀[38;2;0;254;145m[48;2;0;254;110m▀[38;2;0;253;156m[48;2;0;253;127m▀[38;2;0;251;168m[48;2;0;251;144m▀[38;2;0;252;179m[48;2;0;252;158m▀[38;2;0;253;195m[48;2;0;253;180m▀[38;2;0;254;204m[48;2;0;253;192m▀[38;2;0;252;221m[48;2;0;251;213m▀[38;2;75;243;229m[48;2;4;250;223m▀[38;2;137;211;244m[48;2;19;242;242m▀[38;2;136;211;247m[48;2;19;241;246m▀[38;2;133;203;253m[48;2;16;232;253m▀[38;2;129;196;249m[48;2;11;223;249m▀[38;2;123;178;253m[48;2;21;202;254m▀[38;2;120;171;253m[48;2;14;192;254m▀[38;2;113;152;253m[48;2;18;169;254m▀[38;2;111;146;253m[48;2;11;162;254m▀[38;2;109;127;253m[48;2;22;134;254m▀[38;2;105;120;248m[48;2;15;128;248m▀[38;2;99;102;253m[48;2;19;109;254m▀[38;2;93;93;248m[48;2;13;101;254m▀[38;2;25;75;251m[48;2;6;83;252m▀[38;2;0;71;251m[48;2;0;72;243m▀[38;2;4;58;253m[48;2;0;57;251m▀[38;2;0;46;251m[48;2;0;47;248m▀[38;2;4;27;253m[48;2;0;26;252m▀[38;2;3;13;253m[48;2;0;9;251m▀[38;2;5;3;253m[48;2;4;2;250m▀[38;2;8;0;253m[48;2;9;0;253m▀[38;2;26;0;253m[48;2;31;0;254m▀[38;2;36;0;253m[48;2;43;0;254m▀[38;2;54;1;253m[48;2;63;0;254m▀[38;2;66;1;253m[48;2;77;0;254m▀[38;2;91;70;231m[48;2;91;4;238m▀[38;2;123;97;210m[48;2;104;4;225m▀[38;2;138;97;212m[48;2;119;8;227m▀[38;2;154;97;211m[48;2;135;5;228m▀[38;2;166;97;211m[48;2;149;9;228m▀[38;2;183;96;208m[48;2;167;5;225m▀[38;2;193;98;209m[48;2;178;9;226m▀[38;2;211;98;206m[48;2;198;4;223m▀[38;2;218;99;207m[48;2;207;7;225m▀[38;2;234;101;206m[48;2;226;6;224m▀[38;2;239;102;206m[48;2;232;9;226m▀[38;2;248;102;200m[48;2;242;7;218m▀[38;2;244;102;196m[48;2;242;9;215m▀[38;2;220;106;172m[48;2;235;14;189m▀[38;2;219;105;170m[48;2;233;12;186m▀[38;2;219;103;152m[48;2;232;11;165m▀[38;2;218;102;151m[48;2;232;10;164m▀[38;2;221;101;123m[48;2;234;11;131m▀[38;2;220;101;121m[48;2;233;9;129m▀[38;2;222;100;101m[48;2;234;9;106m▀[38;2;221;100;99m[48;2;234;8;104m▀[38;2;222;99;72m[48;2;234;13;75m▀[38;2;221;99;66m[48;2;233;11;68m▀[38;2;225;99;49m[48;2;237;10;51m▀[38;2;224;98;42m[48;2;236;7;43m▀[38;2;245;50;22m[48;2;248;1;25m▀[38;2;251;0;11m[48;2;251;0;13m▀[38;2;252;4;3m[48;2;252;6;4m▀[38;2;253;11;0m[48;2;254;14;0m▀[38;2;250;27;0m[48;2;250;32;0m▀[38;2;252;38;0m[48;2;252;43;0m▀[38;2;253;53;0m[48;2;253;61;0m▀[38;2;254;65;1m[48;2;254;74;0m▀[38;2;254;79;1m[48;2;254;90;0m▀[38;2;254;93;1m[48;2;254;106;1m▀[38;2;254;105;1m[48;2;254;119;2m▀[38;2;254;118;1m[48;2;254;134;1m▀[38;2;230;126;3m[48;2;250;151;5m▀[38;2;184;128;3m[48;2;245;171;7m▀[38;2;203;153;43m[48;2;248;184;11m▀[38;2;247;214;96m[48;2;245;202;10m▀[38;2;251;223;99m[48;2;251;214;15m▀[38;2;248;236;101m[48;2;247;231;7m▀[38;2;252;245;104m[48;2;252;242;15m▀[38;2;241;254;104m[48;2;239;253;11m▀[38;2;236;251;103m[48;2;232;249;8m▀[38;2;218;253;103m[48;2;209;251;17m▀[38;2;213;249;102m[48;2;203;247;12m▀[38;2;192;254;102m[48;2;175;252;13m▀[39m[49m│
│[38;2;150;254;0m[48;2;150;254;0m▀[38;2;145;249;0m[48;2;145;249;0m▀[38;2;121;254;0m[48;2;121;254;0m▀[38;2;114;249;0m[48;2;114;249;0m▀[38;2;90;253;1m[48;2;89;253;1m▀[38;2;81;249;0m[48;2;81;249;0m▀[38;2;58;253;0m[48;2;58;253;0m▀[38;2;47;251;0m[48;2;47;251;0m▀[38;2;27;253;0m[48;2;27;253;0m▀[38;2;14;254;0m[48;2;14;254;0m▀[38;2;4;254;4m[48;2;4;254;4m▀[38;2;0;254;8m[48;2;0;254;7m▀[38;2;0;253;34m[48;2;0;253;33m▀[38;2;0;252;43m[48;2;0;253;42m▀[38;2;0;252;62m[48;2;0;253;62m▀[38;2;0;254;75m[48;2;0;254;74m▀[38;2;0;253;98m[48;2;0;253;97m▀[38;2;0;252;116m[48;2;0;252;116m▀[38;2;0;253;125m[48;2;0;253;125m▀[38;2;0;254;134m[48;2;0;254;134m▀[38;2;0;253;149m[48;2;0;253;149m▀[38;2;0;253;170m[48;2;0;253;170m▀[38;2;0;253;183m[48;2;0;253;183m▀[38;2;0;251;206m[48;2;0;251;205m▀[38;2;0;254;216m[48;2;0;254;215m▀[38;2;0;254;238m[48;2;0;254;238m▀[38;2;0;253;242m[48;2;0;253;242m▀[38;2;0;246;251m[48;2;0;246;251m▀[38;2;0;237;247m[48;2;0;237;247m▀[38;2;0;217;252m[48;2;0;217;252m▀[38;2;0;207;246m[48;2;0;208;246m▀[38;2;0;179;254m[48;2;0;179;254m▀[38;2;0;172;254m[48;2;0;172;254m▀[38;2;1;148;254m[48;2;1;150;254m▀[38;2;0;139;251m[48;2;0;139;251m▀[38;2;2;115;254m[48;2;0;114;254m▀[38;2;0;110;253m[48;2;0;109;251m▀[38;2;7;85;254m[48;2;5;84;254m▀[38;2;0;72;248m[48;2;0;72;249m▀[38;2;0;56;253m[48;2;0;56;253m▀[38;2;0;45;251m[48;2;0;43;250m▀[38;2;4;25;253m[48;2;2;23;253m▀[38;2;1;10;253m[48;2;0;9;253m▀[38;2;9;2;254m[48;2;8;2;253m▀[38;2;16;0;254m[48;2;14;0;254m▀[38;2;37;0;254m[48;2;36;0;254m▀[38;2;48;0;254m[48;2;48;0;254m▀[38;2;66;0;252m[48;2;66;0;252m▀[38;2;79;0;252m[48;2;79;0;253m▀[38;2;95;1;253m[48;2;95;1;254m▀[38;2;111;0;253m[48;2;111;0;254m▀[38;2;125;1;254m[48;2;125;1;254m▀[38;2;141;0;254m[48;2;141;0;254m▀[38;2;156;2;254m[48;2;156;2;254m▀[38;2;177;0;253m[48;2;176;0;254m▀[38;2;187;1;254m[48;2;187;0;254m▀[38;2;204;0;253m[48;2;204;0;254m▀[38;2;213;0;253m[48;2;213;0;254m▀[38;2;232;0;253m[48;2;232;0;254m▀[38;2;239;0;252m[48;2;239;0;253m▀[38;2;252;0;246m[48;2;252;0;247m▀[38;2;252;1;242m[48;2;253;0;242m▀[38;2;254;0;212m[48;2;254;0;213m▀[38;2;254;0;209m[48;2;254;0;209m▀[38;2;254;0;181m[48;2;254;0;181m▀[38;2;254;0;180m[48;2;254;0;180m▀[38;2;254;0;150m[48;2;254;0;151m▀[38;2;254;0;148m[48;2;254;0;148m▀[38;2;254;0;119m[48;2;254;0;119m▀[38;2;254;0;115m[48;2;254;0;116m▀[38;2;254;0;88m[48;2;254;0;88m▀[38;2;254;0;81m[48;2;254;0;82m▀[38;2;254;0;57m[48;2;254;0;57m▀[38;2;254;0;47m[48;2;254;0;47m▀[38;2;253;0;27m[48;2;253;0;27m▀[38;2;251;0;15m[48;2;251;0;15m▀[38;2;249;5;8m[48;2;249;5;8m▀[38;2;252;13;9m[48;2;252;13;9m▀[38;2;254;28;4m[48;2;254;28;4m▀[38;2;254;38;0m[48;2;254;38;0m▀[38;2;253;60;0m[48;2;253;60;0m▀[38;2;254;76;0m[48;2;254;76;0m▀[38;2;253;91;0m[48;2;253;91;0m▀[38;2;253;107;0m[48;2;253;107;0m▀[38;2;254;121;0m[48;2;254;121;0m▀[38;2;254;136;0m[48;2;254;137;0m▀[38;2;253;151;0m[48;2;253;152;0m▀[38;2;252;169;0m[48;2;252;169;0m▀[38;2;252;183;0m[48;2;252;183;0m▀[38;2;249;203;0m[48;2;249;203;0m▀[38;2;253;215;1m[48;2;253;215;0m▀[38;2;248;233;0m[48;2;248;233;0m▀[38;2;252;244;1m[48;2;252;244;1m▀[38;2;241;254;0m[48;2;240;254;0m▀[38;2;233;251;0m[48;2;233;251;0m▀[38;2;208;254;2m[48;2;208;254;1m▀[38;2;202;252;0m[48;2;202;252;0m▀[38;2;175;254;0m[48;2;175;254;0m▀[39m[49m│
│[38;2;150;254;3m[48;2;150;254;2m▀[38;2;145;249;0m[48;2;144;250;0m▀[38;2;118;253;4m[48;2;118;253;4m▀[38;2;111;248;0m[48;2;110;249;0m▀[38;2;87;254;4m[48;2;85;254;4m▀[38;2;78;250;1m[48;2;77;251;0m▀[38;2;57;254;2m[48;2;57;254;1m▀[38;2;47;251;0m[48;2;46;251;0m▀[38;2;27;253;2m[48;2;26;253;1m▀[38;2;14;254;0m[48;2;13;254;0m▀[38;2;6;252;7m[48;2;5;253;7m▀[38;2;4;252;11m[48;2;3;253;11m▀[38;2;1;253;29m[48;2;0;253;28m▀[38;2;0;253;36m[48;2;0;254;35m▀[38;2;0;254;55m[48;2;0;254;55m▀[38;2;0;254;67m[48;2;0;254;67m▀[38;2;0;254;84m[48;2;0;254;86m▀[38;2;0;254;98m[48;2;0;254;101m▀[38;2;0;254;119m[48;2;0;254;119m▀[38;2;0;254;140m[48;2;0;254;137m▀[38;2;0;254;152m[48;2;0;253;149m▀[38;2;0;254;170m[48;2;0;253;168m▀[38;2;0;254;182m[48;2;0;254;181m▀[38;2;0;254;203m[48;2;0;253;203m▀[38;2;0;254;214m[48;2;0;254;212m▀[38;2;0;253;236m[48;2;0;253;232m▀[38;2;0;252;241m[48;2;0;253;237m▀[38;2;0;242;251m[48;2;0;244;250m▀[38;2;0;233;247m[48;2;0;235;245m▀[38;2;2;213;254m[48;2;1;215;254m▀[38;2;0;204;254m[48;2;0;206;254m▀[38;2;0;181;254m[48;2;0;184;254m▀[38;2;0;174;254m[48;2;0;177;252m▀[38;2;0;149;254m[48;2;0;149;254m▀[38;2;0;140;252m[48;2;0;141;252m▀[38;2;0;118;251m[48;2;2;119;252m▀[38;2;0;110;244m[48;2;0;111;246m▀[38;2;3;86;253m[48;2;2;87;253m▀[38;2;0;73;249m[48;2;0;76;252m▀[38;2;0;55;253m[48;2;0;57;254m▀[38;2;0;43;252m[48;2;0;44;254m▀[38;2;0;25;254m[48;2;0;25;254m▀[38;2;0;11;252m[48;2;0;13;253m▀[38;2;6;2;252m[48;2;7;3;252m▀[38;2;11;0;253m[48;2;12;0;253m▀[38;2;34;0;253m[48;2;34;0;253m▀[38;2;45;0;254m[48;2;45;0;254m▀[38;2;62;0;252m[48;2;62;0;251m▀[38;2;75;0;252m[48;2;75;0;251m▀[38;2;89;1;254m[48;2;88;0;254m▀[38;2;103;0;254m[48;2;102;0;254m▀[38;2;119;4;253m[48;2;119;4;253m▀[38;2;138;0;253m[48;2;138;0;253m▀[38;2;151;4;253m[48;2;151;3;253m▀[38;2;169;0;251m[48;2;170;0;252m▀[38;2;180;4;253m[48;2;181;3;253m▀[38;2;199;0;251m[48;2;200;0;252m▀[38;2;209;3;254m[48;2;210;2;254m▀[38;2;232;0;254m[48;2;234;0;254m▀[38;2;238;1;251m[48;2;239;0;251m▀[38;2;247;2;235m[48;2;249;2;239m▀[38;2;248;3;232m[48;2;250;2;236m▀[38;2;254;0;211m[48;2;254;1;217m▀[38;2;254;0;207m[48;2;254;1;213m▀[38;2;254;0;175m[48;2;254;0;179m▀[38;2;254;0;174m[48;2;254;0;178m▀[38;2;254;0;141m[48;2;254;0;143m▀[38;2;254;0;139m[48;2;254;0;141m▀[38;2;254;0;122m[48;2;254;0;124m▀[38;2;254;0;120m[48;2;254;0;122m▀[38;2;254;1;89m[48;2;254;1;92m▀[38;2;252;0;82m[48;2;252;0;85m▀[38;2;254;0;56m[48;2;254;0;58m▀[38;2;254;0;45m[48;2;254;0;47m▀[38;2;251;0;24m[48;2;250;0;27m▀[38;2;248;0;11m[48;2;248;0;15m▀[38;2;250;6;3m[48;2;249;6;5m▀[38;2;253;14;1m[48;2;252;14;3m▀[38;2;248;33;0m[48;2;249;33;1m▀[38;2;249;45;0m[48;2;250;44;0m▀[38;2;254;61;0m[48;2;254;61;0m▀[38;2;254;74;0m[48;2;254;73;0m▀[38;2;252;92;0m[48;2;252;90;0m▀[38;2;251;109;1m[48;2;252;107;1m▀[38;2;252;123;2m[48;2;252;122;1m▀[38;2;251;138;2m[48;2;251;138;2m▀[38;2;251;154;4m[48;2;252;153;4m▀[38;2;248;172;0m[48;2;250;171;0m▀[38;2;252;185;0m[48;2;252;184;0m▀[38;2;249;203;0m[48;2;250;202;0m▀[38;2;253;215;0m[48;2;254;214;0m▀[38;2;251;231;0m[48;2;251;231;0m▀[38;2;252;242;1m[48;2;252;242;0m▀[38;2;237;254;0m[48;2;237;254;0m▀[38;2;230;252;0m[48;2;230;252;0m▀[38;2;211;254;0m[48;2;211;254;0m▀[38;2;205;250;0m[48;2;205;250;0m▀[38;2;175;254;0m[48;2;176;254;0m▀[39m[49m│
│[38;2;147;254;0m[48;2;160;245;66m▀[38;2;142;254;0m[48;2;153;240;60m▀[38;2;115;254;0m[48;2;133;242;56m▀[38;2;108;254;0m[48;2;129;241;55m▀[38;2;82;254;0m[48;2;109;240;56m▀[38;2;73;254;0m[48;2;102;238;53m▀[38;2;54;254;0m[48;2;87;236;54m▀[38;2;45;254;0m[48;2;82;235;54m▀[38;2;25;254;0m[48;2;66;236;57m▀[38;2;11;254;0m[48;2;57;234;56m▀[38;2;3;254;5m[48;2;53;233;56m▀[38;2;0;254;9m[48;2;46;230;53m▀[38;2;0;254;22m[48;2;99;221;49m▀[38;2;0;254;27m[48;2;120;219;49m▀[38;2;0;254;54m[48;2;115;220;66m▀[38;2;0;254;69m[48;2;111;220;78m▀[38;2;0;254;92m[48;2;92;228;100m▀[38;2;0;254;110m[48;2;65;235;119m▀[38;2;2;253;118m[48;2;48;242;136m▀[38;2;5;252;126m[48;2;0;250;157m▀[38;2;4;251;141m[48;2;0;249;166m▀[38;2;4;250;163m[48;2;0;248;180m▀[38;2;3;251;177m[48;2;0;249;190m▀[38;2;1;251;201m[48;2;0;250;210m▀[38;2;2;254;208m[48;2;63;242;217m▀[38;2;0;254;220m[48;2;117;218;236m▀[38;2;0;254;226m[48;2;117;217;239m▀[38;2;0;248;243m[48;2;115;212;249m▀[38;2;0;240;240m[48;2;112;205;247m▀[38;2;0;223;254m[48;2;111;188;254m▀[38;2;0;214;251m[48;2;105;180;253m▀[38;2;0;194;251m[48;2;107;163;253m▀[38;2;0;187;245m[48;2;102;156;249m▀[38;2;0;153;254m[48;2;90;129;254m▀[38;2;0;143;252m[48;2;83;119;253m▀[38;2;8;116;250m[48;2;85;95;250m▀[38;2;3;108;244m[48;2;83;89;247m▀[38;2;0;90;253m[48;2;27;78;253m▀[38;2;0;78;254m[48;2;5;70;254m▀[38;2;0;57;254m[48;2;5;50;254m▀[38;2;0;43;254m[48;2;4;37;253m▀[38;2;0;25;254m[48;2;2;21;254m▀[38;2;0;14;254m[48;2;1;12;254m▀[38;2;8;4;252m[48;2;8;4;252m▀[38;2;15;1;253m[48;2;14;2;254m▀[38;2;36;0;254m[48;2;31;1;254m▀[38;2;47;0;254m[48;2;40;0;254m▀[38;2;66;0;252m[48;2;56;1;253m▀[38;2;80;0;253m[48;2;68;1;253m▀[38;2;89;0;254m[48;2;79;42;209m▀[38;2;99;0;254m[48;2;92;52;167m▀[38;2;118;3;254m[48;2;108;52;169m▀[38;2;141;0;254m[48;2;127;51;172m▀[38;2;154;1;254m[48;2;139;53;173m▀[38;2;172;0;254m[48;2;156;53;175m▀[38;2;184;1;254m[48;2;166;55;177m▀[38;2;204;0;254m[48;2;183;56;178m▀[38;2;215;1;254m[48;2;193;58;180m▀[38;2;239;0;254m[48;2;215;58;181m▀[38;2;245;0;254m[48;2;220;59;181m▀[38;2;254;0;249m[48;2;229;61;178m▀[38;2;254;0;248m[48;2;227;67;180m▀[38;2;254;0;236m[48;2;196;81;173m▀[38;2;254;0;231m[48;2;195;80;168m▀[38;2;254;0;191m[48;2;194;78;139m▀[38;2;254;0;190m[48;2;194;78;138m▀[38;2;254;0;151m[48;2;194;76;110m▀[38;2;254;0;149m[48;2;193;76;108m▀[38;2;254;0;132m[48;2;195;75;94m▀[38;2;254;0;130m[48;2;195;75;92m▀[38;2;254;0;101m[48;2;194;77;71m▀[38;2;254;0;95m[48;2;194;77;66m▀[38;2;254;0;66m[48;2;196;74;46m▀[38;2;254;0;55m[48;2;196;73;37m▀[38;2;249;0;35m[48;2;234;39;27m▀[38;2;246;0;25m[48;2;247;0;21m▀[38;2;245;6;13m[48;2;248;6;12m▀[38;2;250;14;10m[48;2;252;12;10m▀[38;2;249;31;4m[48;2;251;27;7m▀[38;2;252;42;1m[48;2;253;37;8m▀[38;2;254;58;1m[48;2;254;53;7m▀[38;2;254;71;0m[48;2;254;65;7m▀[38;2;254;86;0m[48;2;231;104;43m▀[38;2;254;102;0m[48;2;205;132;64m▀[38;2;253;118;0m[48;2;206;144;65m▀[38;2;253;136;0m[48;2;207;159;66m▀[38;2;254;151;2m[48;2;219;166;64m▀[38;2;254;169;0m[48;2;237;173;55m▀[38;2;254;181;0m[48;2;239;182;57m▀[38;2;254;199;0m[48;2;241;198;60m▀[38;2;254;212;0m[48;2;246;213;67m▀[38;2;252;232;0m[48;2;243;230;67m▀[38;2;252;243;0m[48;2;243;238;68m▀[38;2;237;254;0m[48;2;231;246;66m▀[38;2;230;253;0m[48;2;227;245;66m▀[38;2;213;254;0m[48;2;212;247;68m▀[38;2;207;252;0m[48;2;207;245;67m▀[38;2;179;254;0m[48;2;187;247;69m▀[39m[49m│
│[38;2;83;124;46m[48;2;0;10;11m▀[38;2;79;121;41m▀[38;2;73;124;39m[48;2;0;9;8m▀[38;2;73;123;38m[48;2;2;10;10m▀[38;2;65;124;39m[48;2;8;13;12m▀[38;2;62;123;37m[48;2;7;13;11m▀[38;2;55;122;37m[48;2;5;13;10m▀[38;2;53;123;38m[48;2;8;15;11m▀[38;2;44;123;40m[48;2;9;15;12m▀[38;2;39;124;40m[48;2;10;17;13m▀[38;2;36;122;39m[48;2;17;17;3m▀[38;2;32;122;37m[48;2;22;20;0m▀[38;2;99;124;34m[48;2;121;55;0m▀[38;2;126;124;34m[48;2;184;71;1m▀[38;2;119;127;44m[48;2;182;74;3m▀[38;2;114;129;49m[48;2;180;76;3m▀[38;2;92;146;68m[48;2;176;84;17m▀[38;2;79;185;108m[48;2;194;113;53m▀[38;2;79;229;166m[48;2;180;181;142m▀[38;2;0;251;204m[48;2;81;229;214m▀[38;2;0;250;206m[48;2;64;239;223m▀[38;2;0;250;212m[48;2;0;254;239m▀[38;2;0;250;216m[48;2;0;254;240m▀[38;2;0;251;226m[48;2;0;254;244m▀[38;2;83;218;229m[48;2;127;212;244m▀[38;2;128;124;231m[48;2;188;71;233m▀[38;2;128;124;232m[48;2;188;71;234m▀[38;2;129;123;237m[48;2;190;71;239m▀[38;2;126;118;238m[48;2;189;70;239m▀[38;2;129;107;245m[48;2;191;65;246m▀[38;2;126;102;245m▀[38;2;133;89;247m[48;2;194;58;248m▀[38;2;129;84;246m[48;2;194;57;247m▀[38;2;126;75;253m[48;2;198;59;253m▀[38;2;119;68;250m[48;2;196;57;252m▀[38;2;132;53;253m[48;2;203;49;254m▀[38;2;132;50;253m[48;2;203;48;254m▀[38;2;40;46;247m[48;2;49;31;244m▀[38;2;6;40;244m[48;2;5;8;240m▀[38;2;7;29;248m[48;2;0;4;247m▀[38;2;4;22;249m[48;2;0;4;249m▀[38;2;2;10;251m[48;2;0;1;250m▀[38;2;2;5;251m[48;2;0;0;251m▀[38;2;7;3;251m[48;2;1;0;250m▀[38;2;10;2;251m[48;2;2;0;250m▀[38;2;19;1;251m[48;2;5;0;250m▀[38;2;23;0;252m[48;2;8;0;250m▀[38;2;34;0;250m[48;2;15;0;248m▀[38;2;41;0;249m[48;2;20;0;247m▀[38;2;96;95;186m[48;2;118;157;213m▀[38;2;168;118;113m[48;2;254;235;135m▀[38;2;174;119;117m[48;2;253;235;136m▀[38;2;181;119;121m[48;2;252;234;137m▀[38;2;187;121;122m[48;2;253;234;136m▀[38;2;195;122;122m[48;2;254;232;134m▀[38;2;199;124;123m[48;2;253;231;132m▀[38;2;205;124;121m[48;2;252;230;129m▀[38;2;210;125;122m[48;2;252;229;128m▀[38;2;218;125;121m[48;2;253;226;125m▀[38;2;220;127;121m[48;2;253;227;125m▀[38;2;225;128;115m[48;2;244;226;118m▀[38;2;216;128;113m[48;2;228;222;112m▀[38;2;130;124;101m[48;2;120;211;93m▀[38;2;128;123;98m[48;2;120;211;92m▀[38;2;127;124;84m[48;2;120;212;83m▀[38;2;125;122;82m[48;2;118;211;82m▀[38;2;124;123;72m[48;2;119;212;76m▀[38;2;124;123;71m[48;2;119;212;75m▀[38;2;128;123;57m[48;2;122;212;65m▀[38;2;128;123;55m[48;2;122;212;63m▀[38;2;124;127;41m[48;2;119;214;51m▀[38;2;123;127;37m[48;2;118;213;47m▀[38;2;131;124;33m[48;2;124;213;44m▀[38;2;132;123;32m[48;2;126;213;44m▀[38;2;220;70;20m[48;2;232;103;17m▀[38;2;246;0;13m[48;2;250;0;5m▀[38;2;250;4;8m[48;2;252;0;2m▀[38;2;252;6;5m[48;2;252;0;0m▀[38;2;250;12;5m[48;2;251;0;3m▀[38;2;252;20;8m[48;2;252;1;4m▀[38;2;247;31;7m[48;2;188;78;56m▀[38;2;242;40;8m[48;2;160;124;104m▀[38;2;200;128;78m[48;2;159;192;169m▀[38;2;126;178;124m[48;2;106;232;208m▀[38;2;128;186;124m[48;2;104;234;206m▀[38;2;128;195;122m[48;2;100;236;202m▀[38;2;170;203;125m[48;2;166;244;208m▀[38;2;232;212;124m[48;2;249;253;217m▀[38;2;234;216;126m[48;2;250;254;217m▀[38;2;237;224;126m[48;2;251;254;216m▀[38;2;243;233;130m[48;2;250;253;214m▀[38;2;242;240;127m[48;2;253;254;212m▀[38;2;242;242;126m[48;2;252;253;211m▀[38;2;238;243;123m[48;2;254;251;210m▀[38;2;237;243;122m▀[38;2;229;245;127m[48;2;251;252;212m▀[38;2;226;244;125m[48;2;250;252;211m▀[38;2;217;244;130m[48;2;248;251;213m▀[39m[49m│
│[38;2;0;0;11m[48;2;0;0;0m▀▀[38;2;0;0;9m[48;2;1;0;0m▀[38;2;1;0;10m[48;2;0;0;0m▀[38;2;4;0;12m[48;2;0;0;2m▀[38;2;6;0;13m[48;2;2;0;5m▀[38;2;3;0;9m[48;2;0;0;2m▀[38;2;4;0;11m[48;2;1;1;4m▀[38;2;5;0;11m[48;2;2;1;3m▀[38;2;4;0;11m[48;2;0;0;0m▀[38;2;11;0;1m[48;2;2;0;0m▀[38;2;18;0;0m[48;2;7;0;0m▀[38;2;158;0;0m[48;2;152;7;0m▀[38;2;254;0;3m[48;2;254;0;0m▀[38;2;254;0;0m[48;2;251;0;0m▀[48;2;250;0;0m▀[38;2;252;0;2m[48;2;252;0;0m▀[38;2;250;0;5m[48;2;253;0;0m▀[38;2;182;106;90m[48;2;231;51;37m▀[38;2;68;169;174m[48;2;216;86;68m▀[38;2;84;227;230m[48;2;201;157;141m▀[38;2;0;254;254m[48;2;88;222;228m▀[48;2;73;232;236m▀[48;2;0;254;254m▀[38;2;159;213;254m[48;2;159;213;254m▀[38;2;254;0;254m[48;2;254;0;254m▀▀▀▀▀▀[48;2;254;0;251m▀▀[48;2;253;0;252m▀▀[48;2;253;0;254m▀[48;2;251;0;254m▀[38;2;59;32;250m[48;2;57;32;251m▀[38;2;11;0;246m[48;2;3;0;246m▀[38;2;1;0;250m[48;2;0;0;250m▀[38;2;0;0;254m[48;2;0;0;253m▀[48;2;0;0;252m▀▀[38;2;0;0;253m▀▀[48;2;0;0;254m▀[38;2;0;0;252m[48;2;0;0;253m▀[38;2;0;0;250m[48;2;0;0;250m▀[38;2;0;0;249m[48;2;0;0;248m▀[38;2;108;169;195m[48;2;107;169;195m▀[38;2;254;252;0m[48;2;254;254;0m▀[38;2;252;253;0m[48;2;253;254;0m▀[38;2;249;254;0m[48;2;250;254;0m▀[38;2;251;254;0m[48;2;251;253;0m▀[38;2;254;254;0m[48;2;254;251;0m▀[38;2;253;254;0m▀[38;2;249;254;0m[48;2;252;252;0m▀▀[48;2;252;251;0m▀[38;2;247;254;0m[48;2;252;253;1m▀[38;2;230;254;0m[48;2;247;254;4m▀[38;2;211;254;0m[48;2;227;253;2m▀[38;2;0;254;0m[48;2;0;254;0m▀[48;2;0;253;0m▀[48;2;0;254;4m▀▀[48;2;0;254;0m▀▀▀▀▀▀[48;2;0;254;4m▀▀[38;2;234;118;0m[48;2;235;119;2m▀[38;2;254;0;0m[48;2;252;0;0m▀[48;2;254;0;0m▀▀[38;2;254;0;5m[48;2;168;91;74m▀[38;2;254;0;8m[48;2;144;147;137m▀[38;2;181;133;112m[48;2;131;215;209m▀[38;2;81;195;189m[48;2;52;244;242m▀[38;2;72;234;231m[48;2;37;249;249m▀[38;2;0;254;254m[48;2;0;254;254m▀[38;2;0;254;253m[48;2;0;254;251m▀[38;2;0;254;251m[48;2;0;254;247m▀[38;2;146;254;252m[48;2;149;254;250m▀[38;2;245;254;254m[48;2;251;253;254m▀[38;2;246;254;254m[48;2;252;254;254m▀[38;2;249;253;254m[48;2;252;253;254m▀[38;2;248;251;254m[48;2;249;251;253m▀[38;2;252;252;254m[48;2;251;254;254m▀[38;2;251;250;254m[48;2;251;253;254m▀[38;2;254;248;254m[48;2;254;253;252m▀[38;2;254;249;254m[48;2;254;253;253m▀[38;2;254;250;254m[48;2;253;254;254m▀[38;2;254;251;254m▀[38;2;254;249;254m[48;2;252;253;254m▀[39m[49m│
│[38;2;0;0;0m[48;2;0;0;0m▀[48;2;0;0;3m▀[48;2;0;0;2m▀[48;2;0;0;1m▀[38;2;0;0;2m[48;2;0;0;3m▀[38;2;0;0;4m[48;2;0;0;0m▀[38;2;0;0;0m[48;2;0;0;2m▀[48;2;0;0;3m▀[48;2;0;0;0m▀▀[38;2;2;0;0m▀[38;2;5;0;0m[48;2;1;0;0m▀[38;2;152;17;0m[48;2;149;15;0m▀[38;2;254;0;0m[48;2;248;0;0m▀[38;2;252;1;0m[48;2;251;0;0m▀[38;2;251;1;0m[48;2;254;0;0m▀[38;2;252;0;0m▀[38;2;254;0;0m[48;2;254;0;1m▀[38;2;252;0;0m[48;2;254;0;2m▀[38;2;251;0;0m[48;2;253;0;0m▀[38;2;187;94;78m[48;2;247;26;16m▀[38;2;53;155;163m[48;2;242;50;36m▀[38;2;85;226;231m[48;2;221;130;109m▀[38;2;0;254;254m[48;2;87;217;217m▀[38;2;159;213;254m[48;2;161;183;225m▀[38;2;254;0;254m[48;2;253;0;248m▀[48;2;252;0;249m▀[48;2;247;0;253m▀[48;2;248;0;252m▀[48;2;254;0;251m▀[48;2;253;0;251m▀[38;2;254;0;249m[48;2;253;0;254m▀▀[38;2;254;0;253m▀[38;2;253;0;252m[48;2;254;0;254m▀[38;2;251;0;254m[48;2;249;0;254m▀▀[38;2;57;33;252m[48;2;57;31;251m▀[38;2;3;1;250m[48;2;4;0;248m▀[38;2;0;2;252m[48;2;0;0;250m▀[38;2;0;3;254m[48;2;0;0;254m▀[38;2;0;0;252m[48;2;0;0;252m▀[38;2;0;0;251m[48;2;0;0;251m▀[38;2;0;0;252m[48;2;0;0;253m▀[38;2;0;0;253m[48;2;0;0;254m▀[38;2;0;2;254m[48;2;2;0;254m▀[38;2;0;1;254m▀[38;2;0;1;252m[48;2;1;0;251m▀[38;2;0;1;250m[48;2;0;0;248m▀[38;2;107;169;196m[48;2;107;169;195m▀[38;2;254;252;0m[48;2;254;254;0m▀[38;2;252;253;0m[48;2;254;254;1m▀[38;2;249;253;0m[48;2;254;253;1m▀[38;2;251;251;0m[48;2;253;252;0m▀[38;2;254;249;0m▀[38;2;254;250;0m[48;2;253;253;0m▀[38;2;254;253;0m[48;2;254;254;0m▀▀[38;2;254;250;0m[48;2;253;253;3m▀[38;2;254;251;0m[48;2;253;254;4m▀[38;2;251;252;4m[48;2;247;253;1m▀[38;2;231;252;2m[48;2;227;253;0m▀[38;2;0;254;0m[48;2;1;252;0m▀[48;2;3;253;0m▀[38;2;0;253;3m[48;2;0;253;0m▀[38;2;0;254;4m[48;2;0;254;0m▀[38;2;0;254;0m[48;2;0;252;0m▀▀[48;2;0;254;0m▀[38;2;0;253;0m▀[38;2;0;254;0m[48;2;4;251;4m▀[48;2;4;250;4m▀[38;2;0;254;4m[48;2;0;253;5m▀[38;2;0;254;6m[48;2;0;254;5m▀[38;2;232;118;1m[48;2;231;117;0m▀[38;2;253;0;2m[48;2;250;0;0m▀[38;2;253;0;0m[48;2;133;97;84m▀[38;2;251;0;0m[48;2;103;166;163m▀[38;2;180;149;134m[48;2;92;232;231m▀[38;2;94;200;201m[48;2;31;250;250m▀[38;2;73;233;234m[48;2;18;251;253m▀[38;2;0;254;254m[48;2;0;250;254m▀[48;2;1;249;253m▀[48;2;5;251;254m▀[38;2;0;254;251m[48;2;7;251;251m▀[38;2;1;254;246m[48;2;8;251;248m▀[38;2;151;254;249m[48;2;149;253;252m▀[38;2;254;254;254m[48;2;250;251;254m▀[48;2;252;253;254m▀[38;2;253;254;254m▀[38;2;251;253;254m[48;2;250;251;253m▀[38;2;250;254;254m[48;2;250;253;250m▀[38;2;250;254;252m[48;2;251;253;249m▀[38;2;253;253;250m[48;2;253;252;246m▀▀[38;2;251;253;253m[48;2;252;252;250m▀▀[38;2;249;253;254m[48;2;252;252;254m▀[39m[49m│
└──────────────────────────────────────────────────────────────────────────────────────────────────┘
┌──────────────────────────────────────────────────────────────────────────────────────────────────┐
│backend=Ansi frame=7 pts=1.40s paused=false | space pause | r restart | b backend | q quit        │
└──────────────────────────────────────────────────────────────────────────────────────────────────┘
